Times(S&L)	Runnig-Time	Average-Time	Total-Time	Total-ExeTime	Msg-trans-Time		LP	TLP
1&0		0.122130870819	0.122656822205	0.122656822205	0.122656822205	0.118142870819		0.0	0.0
2&0		0.128549098969	0.126320958138	0.252641916275	1.25264191628	0.122942098969		0.0	0.0
3&0		0.121530056	0.125211318334	0.375633955002	2.375633955	0.116125056		0.0	0.0
4&0		0.123309850693	0.125085711479	0.500342845917	3.50034284592	0.120099850693		0.0	0.0
5&0		0.117496013641	0.123828983307	0.619144916534	4.61914491653	0.114293013641		0.0	0.0
6&0		0.126008033752	0.124442338943	0.746654033661	5.74665403366	0.120652033752		0.0	0.0
7&0		0.120543956757	0.124090262822	0.868631839752	6.86863183975	0.115383956757		0.0	0.0
8&0		0.122638940811	0.124110996723	0.992887973785	7.99288797379	0.117144940811		0.0	0.0
9&0		0.122119903564	0.124048656887	1.11643791199	9.11643791199	0.116467903564		0.0	0.0
10&0		0.125401973724	0.124371385574	1.24371385574	10.2437138557	0.120101973724		0.0	0.0
11&0		0.123731136322	0.124450726943	1.36895799637	11.3689579964	0.118278136322		0.0	0.0
12&0		0.126396179199	0.124734918276	1.49681901932	12.4968190193	0.121098179199		0.0	0.0
13&0		0.122522830963	0.124688680355	1.62095284462	13.6209528446	0.117201830963		0.0	0.0
14&0		0.12233710289	0.124639357839	1.74495100975	14.7449510098	0.11710510289		0.0	0.0
15&0		0.126446008682	0.124856726329	1.87285089493	15.8728508949	0.121112008682		0.0	0.0
16&0		0.123204946518	0.124844551086	1.99751281738	16.9975128174	0.117747946518		0.0	0.0
17&0		0.128349781036	0.125140400494	2.1273868084	18.1273868084	0.122787781036		0.0	0.0
18&0		0.127724170685	0.125362502204	2.25652503967	19.2565250397	0.123209170685		0.0	0.0
19&0		0.128042936325	0.125577525089	2.38597297668	20.3859729767	0.121761936325		0.0	0.0
20&0		0.147300004959	0.126891493797	2.53782987595	21.5378298759	0.142130004959		0.0	0.0
21&0		0.362705945969	0.138191995167	2.9020318985	22.9020318985	0.357083945969		0.0	0.0
22&0		0.120823860168	0.137469540943	3.02432990074	24.0243299007	0.115069860168		0.0	0.0
23&0		0.142229795456	0.137771948524	3.16875481606	25.1687548161	0.136950795456		0.0	0.0
24&0		0.130388975143	0.137528955936	3.30069494247	26.3006949425	0.123786975143		0.0	0.0
25&0		0.126116991043	0.137133960724	3.4283490181	27.4283490181	0.119344991043		0.0	0.0
26&0		0.12881398201	0.136880379457	3.55888986588	28.5588898659	0.12379198201		0.0	0.0
27&0		0.115274906158	0.136132699472	3.67558288574	29.6755828857	0.112231906158		0.0	0.0
28&0		0.126882076263	0.135849211897	3.80377793312	30.8037779331	0.123175076263		0.0	0.0
29&0		0.129390954971	0.135673892909	3.93454289436	31.9345428944	0.124396954971		0.0	0.0
30&0		0.122312068939	0.135276667277	4.05830001831	33.0583000183	0.116625068939		0.0	0.0
31&0		0.115023136139	0.134671611171	4.17481994629	34.1748199463	0.111155136139		0.0	0.0
32&0		0.120846986771	0.134281463921	4.29700684547	35.2970068455	0.117928986771		0.0	0.0
33&0		0.123655796051	0.134000691501	4.42202281952	36.4220228195	0.119792796051		0.0	0.0
34&0		0.120000123978	0.133628115934	4.54335594177	37.5433559418	0.116807123978		0.0	0.0
35&0		0.122951030731	0.133360597066	4.66762089729	38.6676208973	0.117366030731		0.0	0.0
36&0		0.12185716629	0.133081416289	4.7909309864	39.7909309864	0.11894316629		0.0	0.0
37&0		0.118818044662	0.132736270492	4.91124200821	40.9112420082	0.115232044662		0.0	0.0
38&0		0.123746156693	0.132535526627	5.03635001183	42.0363500118	0.118047156693		0.0	0.0
39&0		0.119964838028	0.132251482743	5.157807827	43.157807827	0.116472838028		0.0	0.0
40&0		0.125024080276	0.132105600834	5.28422403336	44.2842240334	0.122003080276		0.0	0.0
41&0		0.116979122162	0.131768610419	5.40251302719	45.4025130272	0.113861122162		0.0	0.0
42&0		0.131654024124	0.131797188804	5.53548192978	46.5354819298	0.128154024124		0.0	0.0
43&0		0.118206977844	0.131512930227	5.65505599976	47.6550559998	0.113386977844		0.0	0.0
44&0		0.118240118027	0.131243749098	5.77472496033	48.7747249603	0.113076118027		0.0	0.0
45&0		0.131707191467	0.131286356184	5.90788602829	49.9078860283	0.126478191467		0.0	0.0
46&0		0.124888896942	0.131178539732	6.03421282768	51.0342128277	0.119237896942		0.0	0.0
47&0		0.128005027771	0.131144827985	6.16380691528	52.1638069153	0.124473027771		0.0	0.0
48&0		0.117821931839	0.130895997087	6.28300786018	53.2830078602	0.114688931839		0.0	0.0
49&0		0.117773771286	0.130655220577	6.40210580826	54.4021058083	0.114753771286		0.0	0.0
50&0		0.118055820465	0.130430116653	6.52150583267	55.5215058327	0.114735820465		0.0	0.0
51&0		0.116453886032	0.130182467255	6.63930583	56.63930583	0.113352886032		0.0	0.0
52&0		0.1210501194	0.130032479763	6.76168894768	57.7616889477	0.1160691194		0.0	0.0
53&0		0.120615959167	0.129882074752	6.88374996185	58.8837499619	0.115594959167		0.0	0.0
54&0		0.121725082397	0.129757554443	7.00690793991	60.0069079399	0.116747082397		0.0	0.0
55&0		0.133777856827	0.129858597842	7.14222288132	61.1422228813	0.128546856827		0.0	0.0
56&0		0.124551057816	0.12978921192	7.26819586754	62.2681958675	0.119488057816		0.0	0.0
57&0		0.123960971832	0.129712560721	7.39361596107	63.3936159611	0.118751971832		0.0	0.0
58&0		0.123663187027	0.129633155362	7.51872301102	64.518723011	0.118571187027		0.0	0.0
59&0		0.129902124405	0.129662643045	7.65009593964	65.6500959396	0.124835124405		0.0	0.0
60&0		0.117313861847	0.129480747382	7.76884484291	66.7688448429	0.114217861847		0.0	0.0
61&0		0.123761892319	0.129408949711	7.89394593239	67.8939459324	0.118923892319		0.0	0.0
62&0		0.133013963699	0.129492336704	8.02852487564	69.0285248756	0.127428963699		0.0	0.0
63&0		0.121643066406	0.12939112527	8.15164089203	70.151640892	0.118095066406		0.0	0.0
64&0		0.122127056122	0.129298515618	8.27510499954	71.2751049995	0.119102056122		0.0	0.0
65&0		0.12276506424	0.129217984126	8.3991689682	72.3991689682	0.11991306424		0.0	0.0
66&0		0.123953104019	0.129160317508	8.52458095551	73.5245809555	0.120999104019		0.0	0.0
67&0		0.137959003448	0.129310910381	8.66383099556	74.6638309956	0.134803003448		0.0	0.0
68&0		0.125185012817	0.12926905646	8.79029583931	75.7902958393	0.122278012817		0.0	0.0
69&0		0.121445894241	0.129175911779	8.91313791275	76.9131379128	0.116450894241		0.0	0.0
70&0		0.127716064453	0.129175513131	9.04228591919	78.0422859192	0.121960064453		0.0	0.0
71&0		0.124693155289	0.12913333866	9.16846704483	79.1684670448	0.119502155289		0.0	0.0
72&0		0.122545003891	0.129063970513	9.29260587692	80.2926058769	0.119485003891		0.0	0.0
73&0		0.121612071991	0.128979575144	9.41550898552	81.4155089855	0.118687071991		0.0	0.0
74&0		0.595000982285	0.135294659718	10.0118048191	83.0118048191	0.591597982285		0.0	0.0
75&0		0.123821020126	0.13515926679	10.1369450092	84.1369450092	0.120576020126		0.0	0.0
76&0		0.121819972992	0.135002117408	10.260160923	85.260160923	0.118766972992		0.0	0.0
77&0		0.124144077301	0.134878102835	10.3856139183	86.3856139183	0.121186077301		0.0	0.0
78&0		0.123744010925	0.134753077458	10.5107400417	87.5107400417	0.120908010925		0.0	0.0
79&0		0.133517980576	0.13474388364	10.6447668076	88.6447668076	0.130530980576		0.0	0.0
80&0		0.122855186462	0.134611549973	10.7689239979	89.7689239979	0.117793186462		0.0	0.0
81&0		0.129815816879	0.134569936328	10.9001648426	90.9001648426	0.124928816879		0.0	0.0
82&0		0.125550031662	0.134477097814	11.0271220207	92.0271220207	0.119821031662		0.0	0.0
83&0		0.118993997574	0.134309469935	11.1476860046	93.1476860046	0.115203997574		0.0	0.0
84&0		0.122506856918	0.134184831665	11.2715258598	94.2715258598	0.117428856918		0.0	0.0
85&0		0.125733137131	0.134102235121	11.3986899853	95.3986899853	0.120909137131		0.0	0.0
86&0		0.123869895935	0.133999766305	11.5239799023	96.5239799023	0.118972895935		0.0	0.0
87&0		0.133651971817	0.134012309984	11.6590709686	97.6590709686	0.128934971817		0.0	0.0
88&0		0.119799137115	0.13386731798	11.7803239822	98.7803239822	0.114877137115		0.0	0.0
89&0		0.118874073029	0.133715021476	11.9006369114	99.9006369114	0.114209073029		0.0	0.0
90&0		0.123719930649	0.133619864782	12.0257878304	101.02578783	0.118592930649		0.0	0.0
91&0		0.12402510643	0.13353065868	12.1512899399	102.15128994	0.11925710643		0.0	0.0
92&0		0.123284101486	0.133435194907	12.2760379314	103.276037931	0.118517101486		0.0	0.0
93&0		0.135004043579	0.133467569146	12.4124839306	104.412483931	0.130249043579		0.0	0.0
94&0		0.123662948608	0.13338133883	12.53784585	105.53784585	0.118573948608		0.0	0.0
95&0		0.162731170654	0.133705452869	12.7020180225	106.702018023	0.157792170654		0.0	0.0
96&0		0.122529029846	0.133604072034	12.8259909153	107.825990915	0.119745029846		0.0	0.0
97&0		0.126299858093	0.133542545063	12.9536268711	108.953626871	0.121510858093		0.0	0.0
98&0		0.131952047348	0.133540703326	13.0869889259	110.086988926	0.127156047348		0.0	0.0
99&0		0.123780965805	0.133456656427	13.2122089863	111.212208986	0.118887965805		0.0	0.0
100&0		0.134281158447	0.133479030132	13.3479030132	112.347903013	0.129502158447		0.0	0.0
101&0		0.121167182922	0.133371584486	13.4705300331	113.470530033	0.116464182922		0.0	0.0
102&0		0.125154972076	0.133304853065	13.5970950127	114.597095013	0.120343972076		0.0	0.0
103&0		0.123440027237	0.133222718841	13.7219400406	115.721940041	0.118713027237		0.0	0.0
104&0		0.124584913254	0.133153229952	13.847935915	116.847935915	0.119825913254		0.0	0.0
105&0		0.126638889313	0.133104951041	13.9760198593	117.976019859	0.123386889313		0.0	0.0
106&0		0.124576091766	0.133037074557	14.101929903	119.101929903	0.119683091766		0.0	0.0
107&0		0.121840000153	0.132945568762	14.2251758575	120.225175858	0.117210000153		0.0	0.0

Total-Times:107	Loss-Times:0	Recent 10 times loss possiblity: 0.0	Total Hex File Loss number: 0
