Times(S&L)	Runnig-Time	Average-Time	Total-Time	Total-ExeTime	Msg-trans-Time		LP	TLP
1&0		0.221873998642	0.222306966782	0.222306966782	0.222306966782	0.218326998642		0.0	0.0
2&0		0.511575937271	0.367697000504	0.735394001007	1.73539400101	0.508181937271		0.0	0.0
2&1		3.56799912453	1.43493668238	4.30481004715	6.30481004715	3.56644112453		0.1	0.333333333333
3&1		0.209748983383	1.12903922796	4.51615691185	7.51615691185	0.204949983383		0.1	0.25
4&1		0.20903801918	0.945330190659	4.72665095329	8.72665095329	0.20582001918		0.1	0.2
4&2		3.56364703178	1.38194966316	8.29169797897	13.291697979	3.56200603178		0.2	0.333333333333
5&2		0.218882083893	1.21602572714	8.51218008995	14.51218009	0.215222083893		0.2	0.285714285714
6&2		0.196051120758	1.08870413899	8.70963311195	15.709633112	0.192725120758		0.2	0.25
7&2		0.171519994736	0.986937999725	8.88244199753	16.8824419975	0.166741994736		0.2	0.222222222222
8&2		0.204710006714	0.908864307404	9.08864307404	18.088643074	0.200431006714		0.2	0.2
9&2		0.150385856628	0.840056354349	9.24061989784	19.2406198978	0.147177856628		0.2	0.181818181818
10&2		0.598527908325	0.820014079412	9.84016895294	20.8401689529	0.595214908325		0.2	0.166666666667
11&2		0.195126056671	0.772047611383	10.036618948	22.036618948	0.192055056671		0.1	0.153846153846
12&2		1.19507098198	0.802361777851	11.2330648899	24.2330648899	1.19127798198		0.1	0.142857142857
13&2		0.202858924866	0.762481466929	11.4372220039	25.4372220039	0.199696924866		0.1	0.133333333333
14&2		0.191905021667	0.726899370551	11.6303899288	26.6303899288	0.188655021667		0.0	0.125
14&3		2.54988408089	0.834208418341	14.1815431118	30.1815431118	2.54889108089		0.1	0.176470588235
15&3		0.209489822388	0.799581885338	14.3924739361	31.3924739361	0.206163822388		0.1	0.166666666667
16&3		0.197890996933	0.767988368085	14.5917789936	32.5917789936	0.194633996933		0.1	0.157894736842
17&3		0.189908981323	0.739155852795	14.7831170559	33.7831170559	0.186700981323		0.1	0.15
18&3		3.2916560173	0.86076600211	18.0760860443	38.0760860443	3.2880870173		0.1	0.142857142857
19&3		0.686872959137	0.852932995016	18.7645258904	39.7645258904	0.683512959137		0.1	0.136363636364
20&3		0.185116052628	0.823956396269	18.9509971142	40.9509971142	0.180733052628		0.1	0.130434782609
21&3		0.425014019012	0.807361751795	19.3766820431	42.3766820431	0.420266019012		0.1	0.125
22&3		0.204316854477	0.783297996521	19.582449913	43.582449913	0.196983854477		0.1	0.12
23&3		0.203654050827	0.761069270281	19.7878010273	44.7878010273	0.199237050827		0.1	0.115384615385
24&3		0.597198009491	0.755052478225	20.3864169121	46.3864169121	0.593760009491		0.0	0.111111111111
24&4		2.57937812805	0.82025636094	22.9671781063	49.9671781063	2.57834312805		0.1	0.142857142857
25&4		0.213814020157	0.79939458288	23.1824429035	51.1824429035	0.210446020157		0.1	0.137931034483
26&4		0.17862200737	0.778749163946	23.3624749184	52.3624749184	0.17416100737		0.1	0.133333333333
27&4		0.193340778351	0.759912544681	23.5572888851	53.5572888851	0.190140778351		0.1	0.129032258065
28&4		0.1658680439	0.741390220821	23.7244870663	54.7244870663	0.1626210439		0.1	0.125
29&4		1.1909828186	0.755054784544	24.9168078899	56.9168078899	1.1869798186		0.1	0.121212121212
30&4		0.191353082657	0.738518763991	25.1096379757	58.1096379757	0.187625082657		0.1	0.117647058824
31&4		0.198240041733	0.723123346056	25.309317112	59.309317112	0.193475041733		0.1	0.114285714286
32&4		0.191968917847	0.708408249749	25.502696991	60.502696991	0.188647917847		0.1	0.111111111111
33&4		0.20840716362	0.69493035368	25.7124230862	61.7124230862	0.20513816362		0.1	0.108108108108
34&4		0.195542097092	0.68182326618	25.9092841148	62.9092841148	0.192343097092		0.0	0.105263157895
35&4		1.4387819767	0.701265818033	27.3493669033	65.3493669033	1.4356019767		0.0	0.102564102564
36&4		1.22793292999	0.714464700222	28.5785880089	67.5785880089	1.22446692999		0.0	0.1
37&4		0.766756057739	0.715775146717	29.3467810154	69.3467810154	0.762907057739		0.0	0.0975609756098
38&4		0.192291021347	0.703344594865	29.5404729843	70.5404729843	0.188544021347		0.0	0.0952380952381
39&4		0.435227155685	0.697140349898	29.9770350456	71.9770350456	0.432117155685		0.0	0.093023255814
40&4		2.61309099197	0.740715704181	32.591490984	75.591490984	2.60916199197		0.0	0.0909090909091
41&4		0.212731838226	0.729015975528	32.8057188988	76.8057188988	0.205964838226		0.0	0.0888888888889
41&5		2.67641186714	0.771388084992	35.4838519096	80.4838519096	2.67489986714		0.1	0.108695652174
42&5		0.96462893486	0.775532149254	36.4500110149	82.4500110149	0.96086993486		0.1	0.106382978723
42&6		2.05700421333	0.802256127199	38.5082941055	85.5082941055	2.05598821333		0.2	0.125
43&6		0.235365867615	0.790723815256	38.7454669476	86.7454669476	0.230951867615		0.2	0.122448979592
44&6		0.627170085907	0.787481880188	39.3740940094	88.3740940094	0.621666085907		0.2	0.12
45&6		1.38936901093	0.799311488282	40.7648859024	90.7648859024	1.38533001093		0.2	0.117647058824
46&6		0.344253063202	0.790585348239	41.1104381084	92.1104381084	0.340444063202		0.2	0.115384615385
46&7		2.32996201515	0.819653924906	43.44165802	95.44165802	2.32811401515		0.3	0.132075471698
46&8		3.16688799858	0.863147594311	46.6099700928	99.6099700928	3.16432299858		0.4	0.148148148148
47&8		0.20295882225	0.851169997996	46.8143498898	100.81434989	0.19827582225		0.4	0.145454545455
48&8		0.526000022888	0.845388642379	47.3417639732	102.341763973	0.521897022888		0.3	0.142857142857
49&8		0.355298995972	0.836814825995	47.6984450817	103.698445082	0.352173995972		0.3	0.140350877193
50&8		0.737884998322	0.835132138482	48.437664032	105.437664032	0.732933998322		0.2	0.137931034483
51&8		0.768508195877	0.834027306508	49.207611084	107.207611084	0.763563195877		0.2	0.135593220339
51&9		3.14426398277	0.872555633386	52.3533380032	111.353338003	3.14319998277		0.3	0.15
51&10		2.17383313179	0.8939118698	54.5286240578	114.528624058	2.17158413179		0.4	0.16393442623
52&10		0.255743026733	0.883641227599	54.7857561111	115.785756111	0.250791026733		0.4	0.161290322581
53&10		0.953883886337	0.884778825064	55.741065979	117.741065979	0.950400886337		0.3	0.15873015873
54&10		0.401926994324	0.877254765481	56.1443049908	119.144304991	0.398611994324		0.2	0.15625
55&10		0.209498167038	0.867001570188	56.3551020622	120.355102062	0.206325167038		0.2	0.153846153846
55&11		2.17933607101	0.886904622569	58.5357050896	123.53570509	2.17764807101		0.3	0.166666666667
56&11		0.453931093216	0.880465745926	58.991204977	124.991204977	0.449385093216		0.3	0.164179104478
57&11		0.261867046356	0.87138894025	59.254447937	126.254447937	0.258495046356		0.3	0.161764705882
57&12		3.23909497261	0.905722289846	62.4948379993	130.494837999	3.23711597261		0.4	0.173913043478
57&13		2.57689404488	0.929615858623	65.0731101036	134.073110104	2.57565504488		0.4	0.185714285714
57&14		3.59009408951	0.967107648581	68.6646430492	138.664643049	3.58879208951		0.4	0.197183098592
57&15		2.03487110138	0.981956806448	70.7008900642	141.700890064	2.03417510138		0.5	0.208333333333
58&15		0.193569898605	0.971175752274	70.895829916	142.895829916	0.190590898605		0.5	0.205479452055
59&15		0.172652006149	0.960402649802	71.0697960854	144.069796085	0.169614006149		0.5	0.202702702703
60&15		0.18143081665	0.950029052099	71.2521789074	145.252178907	0.17789481665		0.5	0.2
61&15		1.29457783699	0.954581564979	72.5481989384	147.548198938	1.29099283699		0.4	0.197368421053
62&15		0.196925878525	0.944760895395	72.7465889454	148.746588945	0.192246878525		0.4	0.194805194805
63&15		0.190442800522	0.935108383497	72.9384539127	149.938453913	0.185543800522		0.4	0.192307692308
64&15		0.200725793839	0.925830264635	73.1405909061	151.140590906	0.196234793839		0.3	0.189873417722
65&15		1.1899459362	0.929148513079	74.3318810463	153.331881046	1.1861489362		0.2	0.1875
66&15		0.1916410923	0.920059839884	74.5248470306	154.524847031	0.1877480923		0.1	0.185185185185
67&15		0.223536014557	0.911582437957	74.7497599125	155.749759912	0.217820014557		0.0	0.182926829268
68&15		0.675884962082	0.908759964518	75.427077055	157.427077055	0.668212962082		0.0	0.180722891566
69&15		3.47996211052	0.939388953504	78.9086720943	161.908672094	3.47621411052		0.0	0.178571428571
69&16		3.20729517937	0.966086166045	82.1173241138	166.117324114	3.20494317937		0.1	0.188235294118
70&16		0.2209649086	0.957443046015	82.3401019573	167.340101957	0.2161139086		0.1	0.186046511628
70&17		2.60279417038	0.976372173463	84.9443790913	170.944379091	2.60178017038		0.2	0.195402298851
71&17		0.181423902512	0.967356795614	85.1273980141	172.127398014	0.177453902512		0.2	0.193181818182
72&17		0.225872993469	0.959040955211	85.3546450138	173.354645014	0.222468993469		0.2	0.191011235955
73&17		0.481055021286	0.953745677736	85.8371109962	174.837110996	0.476912021286		0.2	0.188888888889
74&17		0.193953990936	0.945412187786	86.0325090885	176.032509089	0.189308990936		0.2	0.186813186813
75&17		1.25609612465	0.948804707631	87.290033102	178.290033102	1.25280412465		0.2	0.184782608696
76&17		0.242860078812	0.941227838557	87.5341889858	179.534188986	0.239488078812		0.2	0.182795698925
76&18		2.32613396645	0.955975606086	89.8617069721	182.861706972	2.32337796645		0.3	0.191489361702
76&19		2.05426502228	0.9675523256	91.917470932	185.917470932	2.05284502228		0.3	0.2
77&19		0.185546875	0.959422759712	92.1045849323	187.104584932	0.180862875		0.3	0.197916666667
77&20		3.58671402931	0.986524535209	95.6928799152	191.692879915	3.58521102931		0.3	0.20618556701
78&20		1.29477596283	0.989685396759	96.9891688824	193.989168882	1.28925696283		0.3	0.204081632653
79&20		0.688786029816	0.986661212613	97.6794600487	195.679460049	0.679630029816		0.3	0.20202020202
80&20		0.209052085876	0.978901109695	97.8901109695	196.89011097	0.203379085876		0.3	0.2
81&20		0.423098087311	0.973413712908	98.3147850037	198.314785004	0.417907087311		0.3	0.19801980198
82&20		1.40787291527	0.977687293408	99.7241039276	200.724103928	1.40357891527		0.3	0.196078431373
83&20		0.196699857712	0.970118057381	99.9221599102	201.92215991	0.193391857712		0.3	0.194174757282
84&20		0.403026103973	0.964678154542	100.326528072	203.326528072	0.399021103973		0.2	0.192307692308
85&20		0.19294500351	0.957341457549	100.520853043	204.520853043	0.18963800351		0.1	0.190476190476
86&20		0.200251102448	0.950212217727	100.722495079	205.722495079	0.195534102448		0.1	0.188679245283
86&21		2.54610300064	0.96513956061	103.269932985	209.269932985	2.54494900064		0.1	0.196261682243
86&22		2.58746600151	0.980174186053	105.858812094	212.858812094	2.58616100151		0.2	0.203703703704
87&22		0.435778856277	0.975196971806	106.296469927	214.296469927	0.431019856277		0.2	0.201834862385
88&22		0.179206132889	0.967973882502	106.477127075	215.477127075	0.175716132889		0.2	0.2
89&22		0.201495885849	0.961081098866	106.680001974	216.680001974	0.198155885849		0.2	0.198198198198
90&22		1.30991697311	0.964208321912	107.991332054	218.991332054	1.30429197311		0.2	0.196428571429
91&22		0.201198101044	0.957471115399	108.19423604	220.19423604	0.196266101044		0.2	0.194690265487
92&22		0.184422016144	0.950702886832	108.380129099	221.380129099	0.180772016144		0.2	0.19298245614
93&22		0.816442966461	0.949546660548	109.197865963	223.197865963	0.812540966461		0.2	0.191304347826
93&23		2.60471796989	0.963826689227	111.80389595	226.80389595	2.60368596989		0.3	0.198275862069
94&23		0.214273929596	0.957432290428	112.01957798	228.01957798	0.210846929596		0.2	0.196581196581
95&23		0.20410990715	0.95105913534	112.22497797	229.22497797	0.20050490715		0.1	0.194915254237
96&23		0.199583053589	0.944755143478	112.425862074	230.425862074	0.196015053589		0.1	0.193277310924
97&23		0.196974039078	0.93853440086	112.624128103	231.624128103	0.193513039078		0.1	0.191666666667
98&23		0.188340187073	0.932345116434	112.813759089	232.813759089	0.184705187073		0.1	0.190082644628
99&23		0.552847146988	0.929244959941	113.367885113	234.367885113	0.548749146988		0.1	0.188524590164
100&23		0.206856966019	0.92338260984	113.57606101	235.57606101	0.203341966019		0.1	0.186991869919
101&23		0.176503896713	0.917369684865	113.753840923	236.753840923	0.173180896713		0.1	0.185483870968
102&23		0.172759056091	0.911423088074	113.927886009	237.927886009	0.169111056091		0.1	0.184
103&23		0.195329189301	0.90575019897	114.12452507	239.12452507	0.191737189301		0.0	0.18253968254
104&23		0.625211954117	0.903551944597	114.751096964	240.751096964	0.621653954117		0.0	0.181102362205
105&23		0.205316066742	0.898101523519	114.95699501	241.95699501	0.201562066742		0.0	0.1796875
105&24		2.56715703011	0.911050844562	117.525558949	245.525558949	2.56606603011		0.1	0.186046511628
106&24		0.201111793518	0.905600437751	117.728056908	246.728056908	0.197627793518		0.1	0.184615384615
107&24		0.20143198967	0.900235045047	117.930790901	247.930790901	0.19792898967		0.1	0.18320610687
108&24		0.173524856567	0.894736378482	118.10520196	249.10520196	0.170320856567		0.1	0.181818181818
109&24		0.20454788208	0.889557037138	118.311085939	250.311085939	0.20088888208		0.1	0.18045112782
110&24		0.575685024261	0.887219037583	118.887351036	251.887351036	0.571831024261		0.1	0.179104477612
111&24		0.190157175064	0.882065852483	119.078890085	253.078890085	0.186000175064		0.1	0.177777777778
112&24		0.192378044128	0.877005764667	119.272783995	254.272783995	0.188845044128		0.1	0.176470588235
112&25		3.00206804276	0.892527087762	122.276211023	258.276211023	3.00111204276		0.2	0.182481751825
113&25		0.199512958527	0.887515652007	122.477159977	259.477159977	0.196111958527		0.2	0.18115942029
114&25		0.196879148483	0.882556791786	122.675394058	260.675394058	0.192543148483		0.1	0.179856115108
115&25		0.507772922516	0.879890271596	123.184638023	262.184638023	0.502563922516		0.1	0.178571428571
116&25		0.175909042358	0.87490778781	123.361998081	263.361998081	0.172686042358		0.1	0.177304964539
117&25		0.192533016205	0.870111527577	123.555836916	264.555836916	0.189110016205		0.1	0.176056338028
118&25		0.182105064392	0.865310028716	123.739334106	265.739334106	0.179064064392		0.1	0.174825174825
119&25		1.00695490837	0.866302826338	124.747606993	267.747606993	1.00312790837		0.1	0.173611111111
119&26		2.56262397766	0.878011731444	127.311701059	271.311701059	2.56118697766		0.2	0.179310344828
120&26		0.197784900665	0.873363424654	127.511059999	272.511059999	0.194385900665		0.2	0.178082191781
121&26		0.445754051208	0.870463095555	127.958075047	273.958075047	0.442397051208		0.1	0.176870748299
122&26		0.203037023544	0.865962121938	128.162394047	275.162394047	0.199824023544		0.1	0.175675675676
123&26		0.206754922867	0.861546550021	128.370435953	276.370435953	0.203502922867		0.1	0.174496644295
124&26		0.209166049957	0.857205853462	128.580878019	277.580878019	0.206143049957		0.1	0.173333333333
125&26		1.21611809731	0.859591390913	129.798300028	279.798300028	1.21206709731		0.1	0.172185430464
126&26		0.563107013702	0.857649302796	130.362694025	281.362694025	0.557983013702		0.1	0.171052631579
127&26		0.185525894165	0.85326602568	130.549701929	282.549701929	0.180997894165		0.1	0.169934640523
127&27		2.53970694542	0.864226285513	133.090847969	286.090847969	2.53818394542		0.2	0.175324675325
128&27		0.18770980835	0.859867160551	133.279409885	287.279409885	0.18290580835		0.1	0.174193548387
129&27		0.250377893448	0.855969454998	133.53123498	288.53123498	0.243678893448		0.1	0.173076923077
129&28		2.58199810982	0.866975561069	136.115163088	292.115163088	2.58056810982		0.2	0.178343949045
130&28		0.175490140915	0.862609158588	136.292247057	293.292247057	0.170772140915		0.2	0.177215189873
131&28		0.206964015961	0.858494572669	136.500637054	294.500637054	0.203385015961		0.2	0.176100628931
132&28		0.17547082901	0.854233968258	136.677434921	295.677434921	0.17098782901		0.2	0.175
133&28		0.523025035858	0.852186006048	137.201946974	297.201946974	0.518050035858		0.2	0.173913043478
134&28		0.206665039062	0.8482103024	137.410068989	298.410068989	0.199682039063		0.2	0.172839506173
135&28		0.422846078873	0.845611202205	137.834625959	299.834625959	0.419132078873		0.2	0.171779141104
136&28		1.78389596939	0.851341170509	139.619951963	302.619951963	1.77861396939		0.1	0.170731707317
137&28		0.479640960693	0.849097266342	140.101048946	304.101048946	0.474887960693		0.1	0.169696969697
138&28		0.202292919159	0.845209595669	140.304792881	305.304792881	0.197542919159		0.1	0.168674698795
139&28		0.169701099396	0.84117340185	140.475958109	306.475958109	0.166667099396		0.0	0.167664670659
140&28		0.157737016678	0.83711292914	140.634972095	307.634972095	0.154236016678		0.0	0.166666666667
141&28		0.176605939865	0.8332133011	140.813047886	308.813047886	0.173341939865		0.0	0.165680473373
142&28		0.187872171402	0.829424859496	141.002226114	310.002226114	0.184452171402		0.0	0.164705882353
142&29		2.57113099098	0.839618385884	143.574743986	313.574743986	2.56985899098		0.1	0.169590643275
143&29		0.776577234268	0.839260198349	144.352754116	315.352754116	0.773003234268		0.1	0.168604651163
144&29		0.183342933655	0.835476387443	144.537415028	316.537415028	0.180010933655		0.1	0.167630057803

Total-Times:173	Loss-Times:29	Recent 10 times loss possiblity: 0.1	Total Hex File Loss number: 7
