Times(S&L)	Runnig-Time	Average-Time	Total-Time	Total-ExeTime	Msg-trans-Time		LP	TLP
1&0		0.852420091629	0.852972984314	0.852972984314	0.852972984314	0.848233091629		0.0	0.0
2&0		0.535436868668	0.695022463799	1.3900449276	2.3900449276	0.532013868668		0.0	0.0
2&1		2.57428812981	1.32188367844	3.96565103531	5.96565103531	2.57333512981		0.1	0.333333333333
3&1		0.956120967865	1.2307934761	4.92317390442	7.92317390442	0.952528967865		0.1	0.25
4&1		1.35641407967	1.25618100166	6.28090500832	10.2809050083	1.35240407967		0.1	0.2
5&1		0.86719083786	1.19156881173	7.14941287041	12.1494128704	0.86353583786		0.1	0.166666666667
6&1		2.30576515198	1.35092772756	9.45649409294	15.4564940929	2.30217415198		0.1	0.142857142857
7&1		0.329704999924	1.22343873978	9.78750991821	16.7875099182	0.326453999924		0.1	0.125
8&1		0.903917074203	1.18808166186	10.6927349567	18.6927349567	0.900396074203		0.1	0.111111111111
8&2		2.40335488319	1.30973958969	13.0973958969	22.0973958969	2.40124588319		0.2	0.2
9&2		0.45499587059	1.23215707866	13.5537278652	23.5537278652	0.45183087059		0.2	0.181818181818
9&3		3.04180502892	1.38306983312	16.5968379974	27.5968379974	3.04090402892		0.3	0.25
10&3		1.24488711357	1.37254892863	17.8431360722	29.8431360722	1.24131611357		0.2	0.230769230769
10&4		2.04058885574	1.42036206382	19.8850688934	32.8850688934	2.03962685574		0.3	0.285714285714
11&4		0.512025117874	1.35990200043	20.3985300064	34.3985300064	0.508777117874		0.3	0.266666666667
12&4		0.297085046768	1.29351468384	20.6962349415	35.6962349415	0.293480046768		0.3	0.25
12&5		3.39346003532	1.41711787617	24.0910038948	40.0910038948	3.39243903532		0.4	0.294117647059
12&6		5.61897397041	1.6506332159	29.7113978863	46.7113978863	5.61792597041		0.5	0.333333333333
13&6		0.534363031387	1.59195715503	30.2471859455	48.2471859455	0.530912031387		0.5	0.315789473684
13&7		2.40100193024	1.63247494698	32.6494989395	51.6494989395	2.40000993024		0.5	0.35
13&8		2.04081010818	1.65198595183	34.6917049885	54.6917049885	2.04002910818		0.6	0.380952380952
13&9		2.67665791512	1.69862604141	37.3697729111	58.3697729111	2.67568691512		0.6	0.409090909091
14&9		1.28888607025	1.68087182874	38.6600520611	60.6600520611	1.28534907025		0.6	0.391304347826
14&10		2.3871409893	1.71035487453	41.0485169888	64.0485169888	2.3861409893		0.6	0.416666666667
14&11		2.3905339241	1.73761655807	43.4404139519	67.4404139519	2.3895219241		0.7	0.44
14&12		2.40582489967	1.76337088071	45.8476428986	70.8476428986	2.40475889967		0.8	0.461538461538
14&13		2.22924995422	1.78067821927	48.0783119202	74.0783119202	2.22775695422		0.8	0.481481481481
15&13		0.285360097885	1.72730410951	48.3645150661	75.3645150661	0.281956097885		0.7	0.464285714286
15&14		2.19526910782	1.74348675794	50.5611159801	78.5611159801	2.19340910782		0.8	0.48275862069
15&15		2.08226299286	1.7548255682	52.644767046	81.644767046	2.08140699286		0.8	0.5
15&16		3.38254499435	1.80737748454	56.0287020206	86.0287020206	3.38146799435		0.8	0.516129032258
16&16		0.79888010025	1.77587603033	56.8280329704	87.8280329704	0.79544810025		0.7	0.5
16&17		2.20367193222	1.78887463338	59.0328629017	91.0328629017	2.20180193222		0.8	0.515151515152
16&18		2.19365096092	1.80082064516	61.2279019356	94.2279019356	2.19194796092		0.8	0.529411764706
16&19		2.39122605324	1.81773020199	63.6205570698	97.6205570698	2.39021205324		0.8	0.542857142857
16&20		2.04248309135	1.82401233249	65.6644439697	100.66444397	2.04170309135		0.8	0.555555555556
16&21		2.38182091713	1.83912656758	68.0476830006	104.047683001	2.38076491713		0.8	0.567567567568
16&22		2.40881896019	1.8541552644	70.4579000473	107.457900047	2.40772496019		0.9	0.578947368421
16&23		2.0778439045	1.85992292257	72.5369939804	110.53699398	2.0770099045		0.9	0.589743589744
16&24		2.57291316986	1.87778142691	75.1112570763	114.111257076	2.57186816986		0.9	0.6
17&24		0.448451042175	1.84295394944	75.561111927	115.561111927	0.445213042175		0.8	0.585365853659
17&25		2.4850730896	1.85827347778	78.0474860668	119.047486067	2.4840390896		0.9	0.595238095238
17&26		2.57137012482	1.87488925734	80.6202380657	122.620238066	2.57035212482		0.9	0.604651162791
18&26		0.744056940079	1.84922047637	81.3657009602	124.36570096	0.740500940079		0.8	0.590909090909
18&27		2.19208717346	1.8568702009	83.5591590405	127.55915904	2.19042717346		0.8	0.6
18&28		2.44745182991	1.86973880167	86.0079848766	131.007984877	2.44519482991		0.8	0.608695652174
18&29		2.04548215866	1.87350789537	88.0548710823	134.054871082	2.04478315866		0.8	0.617021276596
19&29		1.32434201241	1.86209568878	89.3805930614	136.380593061	1.32096701241		0.7	0.604166666667
19&30		2.38346195221	1.87276261193	91.7653679848	139.765367985	2.38245695221		0.7	0.612244897959
19&31		2.04369115829	1.87621220112	93.8106100559	142.810610056	2.04294315829		0.7	0.62
19&32		2.18599319458	1.88231598162	95.9981150627	145.998115063	2.18404819458		0.8	0.627450980392
20&32		0.692195892334	1.85945557631	96.6916899681	147.691689968	0.688662892334		0.7	0.615384615385
21&32		0.362011909485	1.83122675374	97.0550179482	149.055017948	0.358145909485		0.6	0.603773584906
22&32		0.329691886902	1.80344521999	97.3860418797	150.38604188	0.326300886902		0.6	0.592592592593
22&33		2.04325604439	1.8078293627	99.4306149483	153.430614948	2.04254204439		0.6	0.6
23&33		0.282410860062	1.78061415894	99.7143929005	154.7143929	0.279349860062		0.5	0.589285714286
23&34		2.7351808548	1.79738371832	102.450871944	158.450871944	2.7342318548		0.5	0.59649122807
24&34		1.33720302582	1.7894732911	103.789450884	160.789450884	1.33383202582		0.5	0.586206896552
24&35		2.40100002289	1.7998601865	106.191751003	164.191751003	2.39989902289		0.5	0.593220338983
24&36		2.1865708828	1.80632861455	108.379716873	167.379716873	2.1849058828		0.5	0.6
24&37		2.39264297485	1.81596352233	110.773774862	170.773774862	2.39168997485		0.5	0.606557377049
24&38		2.04631900787	1.81970135627	112.821484089	173.821484089	2.04555600787		0.6	0.612903225806
24&39		2.66292619705	1.83310825484	115.485820055	177.485820055	2.66070719705		0.7	0.619047619048
24&40		2.5702559948	1.84464849904	118.057503939	181.057503939	2.5693289948		0.8	0.625
25&40		1.15423607826	1.83404839956	119.213145971	183.213145971	1.15050507826		0.7	0.615384615385
25&41		2.18773698807	1.83942686428	121.402173042	186.402173042	2.18588898807		0.8	0.621212121212
26&41		2.22517609596	1.84520502944	123.628736973	189.628736973	2.21963209596		0.7	0.611940298507
26&42		2.18285298347	1.8501933217	125.813145876	192.813145876	2.18113598347		0.8	0.617647058824
26&43		2.96769809723	1.86640923265	128.782237053	196.782237053	2.96668909723		0.8	0.623188405797
26&44		2.39185404778	1.87393494334	131.175446033	200.175446033	2.39074504778		0.8	0.628571428571
27&44		0.497450113297	1.85456749419	131.674292088	201.674292088	0.494246113297		0.7	0.619718309859
28&44		0.540524959564	1.83633509609	132.216126919	203.216126919	0.537117959564		0.6	0.611111111111
28&45		2.05346298218	1.83932764236	134.270917892	206.270917892	2.05254498218		0.6	0.616438356164
29&45		0.360528945923	1.8193628788	134.632853031	207.632853031	0.357134945923		0.5	0.608108108108
30&45		1.28077292442	1.81219930649	135.914947987	209.914947987	1.27741392442		0.5	0.6
30&46		2.2018930912	1.81734415732	138.118155956	213.118155956	2.1999930912		0.5	0.605263157895
30&47		3.42832517624	1.83828478045	141.547928095	217.547928095	3.42727917624		0.6	0.61038961039
31&47		0.975391864777	1.82724015224	142.524731874	219.524731874	0.970518864777		0.5	0.602564102564
32&47		0.292736053467	1.80783392508	142.818880081	220.818880081	0.289600053467		0.4	0.594936708861
32&48		3.39235782623	1.82765797377	146.212637901	225.212637901	3.39129682623		0.4	0.6
33&48		0.768841981888	1.8146035789	146.982889891	226.982889891	0.765705981888		0.4	0.592592592593
34&48		0.562567949295	1.79935087809	147.546772003	228.546772003	0.559189949295		0.4	0.585365853659
35&48		0.613841056824	1.78508337435	148.161920071	230.161920071	0.610475056824		0.3	0.578313253012
35&49		2.43078589439	1.79278592836	150.594017982	233.594017982	2.42919589439		0.4	0.583333333333
36&49		0.64378786087	1.77928482224	151.23920989	235.23920989	0.64026186087		0.4	0.576470588235
37&49		0.6846139431	1.76657131384	151.92513299	236.92513299	0.6811669431		0.3	0.56976744186
38&49		2.24797177315	1.77211965364	154.174409866	240.174409866	2.24425977315		0.2	0.563218390805
39&49		2.03476810455	1.77511979504	156.210541964	243.210541964	2.03132710455		0.2	0.556818181818
39&50		2.4026529789	1.78218515803	158.614479065	246.614479065	2.4016879789		0.3	0.561797752809
39&51		2.04698300362	1.78514284293	160.662855864	249.662855864	2.04614700362		0.3	0.566666666667
39&52		3.63390493393	1.80547408743	164.298141956	254.298141956	3.63276493393		0.4	0.571428571429
40&52		1.28987598419	1.79988493349	165.589413881	256.589413881	1.28665098419		0.4	0.565217391304
40&53		3.38173794746	1.81690795704	168.972440004	260.972440004	3.38068594746		0.5	0.569892473118
40&54		2.59901690483	1.82524308499	171.572849989	264.572849989	2.59803690483		0.5	0.574468085106
41&54		0.414941072464	1.81041393782	171.989324093	265.989324093	0.411379072464		0.5	0.568421052632
42&54		1.0871989727	1.80289421727	173.077844858	268.077844858	1.0838259727		0.5	0.5625
42&55		2.04704380035	1.80542476153	175.126201868	271.126201868	2.04617980035		0.6	0.567010309278
42&56		2.68355107307	1.81451804054	177.822767973	274.822767973	2.68190107307		0.7	0.571428571429
43&56		0.287806034088	1.79911031386	178.111921072	276.111921072	0.284255034088		0.6	0.565656565657
43&57		2.38616108894	1.80499382019	180.499382019	279.499382019	2.38513708894		0.6	0.57
43&58		2.38150405884	1.8107153071	182.882246017	282.882246017	2.38049705884		0.6	0.574257425743
43&59		2.37563204765	1.81626753947	185.259289026	286.259289026	2.37464004765		0.7	0.578431372549
44&59		0.281738996506	1.80138263193	185.542411089	287.542411089	0.278701996506		0.6	0.572815533981
45&59		0.316634893417	1.78711873981	185.86034894	288.86034894	0.313010893417		0.5	0.567307692308
45&60		2.04397916794	1.78957762945	187.905651093	291.905651093	2.04317816794		0.6	0.571428571429
45&61		2.5704331398	1.79695719818	190.477463007	295.477463007	2.5694791398		0.7	0.575471698113
45&62		2.3847720623	1.80246401947	192.863650084	298.863650084	2.3833610623		0.7	0.579439252336
46&62		0.907941102982	1.79419673151	193.773247004	300.773247004	0.904054102982		0.6	0.574074074074
47&62		1.6602461338	1.79297992724	195.434812069	303.434812069	1.6564701338		0.6	0.56880733945
47&63		2.37546396255	1.79828696251	197.811565876	306.811565876	2.37457596255		0.6	0.572727272727
47&64		2.18559098244	1.801788721	199.998548031	309.998548031	2.18335398244		0.6	0.576576576577
47&65		2.04053592682	1.80393289242	202.040483952	313.040483952	2.03965592682		0.6	0.580357142857
47&66		2.17992186546	1.80727269797	204.221814871	316.221814871	2.17828386546		0.7	0.58407079646
47&67		2.18933200836	1.81063636771	206.412545919	319.412545919	2.18805900836		0.8	0.587719298246
48&67		0.596074104309	1.80008720937	207.010029078	321.010029078	0.592818104309		0.7	0.582608695652

Total-Times:115	Loss-Times:67	Recent 10 times loss possiblity: 0.7	Total Hex File Loss number: 18
