Times(S&L)	Runnig-Time	Average-Time	Total-Time	Total-ExeTime	Msg-trans-Time		LP	TLP
1&0		0.200296878815	0.20100903511	0.20100903511	0.20100903511	0.196794878815		0.0	0.0
2&0		0.20680809021	0.204621076584	0.409242153168	1.40924215317	0.20388209021		0.0	0.0
3&0		0.185614824295	0.198726336161	0.596179008484	2.59617900848	0.182358824295		0.0	0.0
4&0		0.202244997025	0.199844002724	0.799376010895	3.79937601089	0.198590997025		0.0	0.0
5&0		0.220428943634	0.204218626022	1.02109313011	5.02109313011	0.216689943634		0.0	0.0
6&0		0.436388969421	0.24313267072	1.45879602432	6.45879602432	0.432818969421		0.0	0.0
7&0		0.206367015839	0.238081455231	1.66657018661	7.66657018661	0.201615015839		0.0	0.0
7&1		2.179074049	0.480888515711	3.84710812569	10.8471081257	2.176613049		0.1	0.125
8&1		0.23233294487	0.453426440557	4.08083796501	12.080837965	0.22899394487		0.1	0.111111111111
9&1		0.528269052505	0.461052918434	4.61052918434	13.6105291843	0.523328052505		0.1	0.1
10&1		0.486654996872	0.463507283818	5.09858012199	15.098580122	0.481572996872		0.1	0.0909090909091
11&1		0.487765073776	0.46563009421	5.58756113052	16.5875611305	0.482493073776		0.1	0.0833333333333
12&1		1.90751600266	0.5766550761	7.4965159893	19.4965159893	1.90261700266		0.1	0.0769230769231
13&1		0.223186016083	0.551514795848	7.72120714188	20.7212071419	0.217515016083		0.1	0.0714285714286
14&1		0.172406196594	0.526335477829	7.89503216743	21.8950321674	0.169308196594		0.1	0.0666666666667
15&1		0.19288611412	0.50557744503	8.08923912048	23.0892391205	0.18976311412		0.1	0.0625
16&1		0.204619884491	0.487951292711	8.29517197609	24.2951719761	0.201467884491		0.1	0.0588235294118
17&1		0.187735080719	0.471346391572	8.48423504829	25.4842350483	0.184409080719		0.0	0.0555555555556
18&1		0.20533490181	0.457414162786	8.69086909294	26.6908690929	0.20196390181		0.0	0.0526315789474
19&1		0.834614992142	0.476340198517	9.52680397034	28.5268039703	0.830898992142		0.0	0.05
20&1		0.188043832779	0.462680998303	9.71630096436	29.7163009644	0.185061832779		0.0	0.047619047619
21&1		1.10792803764	0.492047049782	10.8250350952	31.8250350952	1.10437203764		0.0	0.0454545454545
22&1		0.202919006348	0.479533050371	11.0292601585	33.0292601585	0.199421006348		0.0	0.0434782608696
23&1		0.518707036972	0.481219132741	11.5492591858	34.5492591858	0.515223036972		0.0	0.0416666666667
24&1		0.197717905045	0.469931364059	11.7482841015	35.7482841015	0.194472905045		0.0	0.04
24&2		3.52218413353	0.587375274071	15.2717571259	40.2717571259	3.52104513353		0.1	0.0769230769231
24&3		2.12287783623	0.644302332843	17.3961629868	43.3961629868	2.12188883623		0.2	0.111111111111
25&3		2.02715706825	0.693749717304	19.4249920845	46.4249920845	2.02300906825		0.2	0.107142857143
26&3		0.17812204361	0.676015212618	19.6044411659	47.6044411659	0.17415504361		0.2	0.103448275862
27&3		0.711694955826	0.677252332369	20.3175699711	49.3175699711	0.706767955826		0.2	0.1
28&3		0.193040847778	0.661680483049	20.5120949745	50.5120949745	0.189811847778		0.2	0.0967741935484
28&4		2.57631111145	0.72155303508	23.0896971226	54.0896971226	2.57537811145		0.3	0.125
28&5		2.55811905861	0.777253244862	25.6493570805	57.6493570805	2.55711505861		0.4	0.151515151515
29&5		0.216202974319	0.760793089867	25.8669650555	58.8669650555	0.212998974319		0.4	0.147058823529
30&5		0.215939044952	0.745267173222	26.0843510628	60.0843510628	0.212401044952		0.4	0.142857142857
31&5		0.198123931885	0.730106141832	26.283821106	61.283821106	0.194782931885		0.3	0.138888888889
32&5		0.43110203743	0.722061408533	26.7162721157	62.7162721157	0.42792703743		0.2	0.135135135135
33&5		0.651964902878	0.720251397083	27.3695530891	64.3695530891	0.648751902878		0.2	0.131578947368
34&5		0.459425210953	0.71359646626	27.8302621841	65.8302621841	0.456027210953		0.2	0.128205128205
35&5		0.449198961258	0.707018953562	28.2807581425	67.2807581425	0.445881961258		0.2	0.125
36&5		0.191817045212	0.694485199161	28.4738931656	68.4738931656	0.188755045212		0.2	0.121951219512
36&6		2.60158610344	0.739923812094	31.076800108	72.076800108	2.60071110344		0.2	0.142857142857
37&6		0.204056978226	0.727494932884	31.282282114	73.282282114	0.200881978226		0.1	0.139534883721
38&6		0.185158014297	0.715200229125	31.4688100815	74.4688100815	0.181924014297		0.1	0.136363636364
39&6		1.26236200333	0.727389293247	32.7325181961	76.7325181961	1.25884000333		0.1	0.133333333333
40&6		0.209707021713	0.716164329778	32.9435591698	77.9435591698	0.206642021713		0.1	0.130434782609
40&7		3.51821208	0.775809769935	36.4630591869	82.4630591869	3.51717108		0.2	0.148936170213
41&7		0.193073987961	0.763698687156	36.6575369835	83.6575369835	0.189671987961		0.2	0.145833333333
42&7		0.195792913437	0.752139509941	36.8548359871	84.8548359871	0.191283913437		0.2	0.142857142857
43&7		0.550328969955	0.748132562637	37.4066281319	86.4066281319	0.545898969955		0.2	0.14
44&7		0.199508190155	0.73738506261	37.6066381931	87.6066381931	0.195953190155		0.2	0.137254901961
45&7		0.893914222717	0.740404234483	38.5010201931	89.5010201931	0.890289222717		0.1	0.134615384615
46&7		0.192723035812	0.730095152585	38.695043087	90.695043087	0.189488035812		0.1	0.132075471698
47&7		0.166332960129	0.719679536643	38.8626949787	91.8626949787	0.162935960129		0.1	0.12962962963
48&7		0.187632083893	0.710030091893	39.0516550541	93.0516550541	0.184429083893		0.1	0.127272727273
49&7		0.209002017975	0.701106752668	39.2619781494	94.2619781494	0.205550017975		0.1	0.125
50&7		1.49725794792	0.715096929617	40.7605249882	96.7605249882	1.49383294792		0.0	0.122807017544
50&8		2.52974700928	0.746406431856	43.2915730476	100.291573048	2.52875900928		0.1	0.137931034483
51&8		0.236721992493	0.737791441255	43.529695034	101.529695034	0.233485992493		0.1	0.135593220339
52&8		0.609477996826	0.735675851504	44.1405510902	103.14055109	0.605845996826		0.1	0.133333333333
53&8		0.202571868896	0.726957950436	44.3444349766	104.344434977	0.199245868896		0.1	0.131147540984
54&8		0.194494962692	0.718391710712	44.5402860641	105.540286064	0.191287962692		0.1	0.129032258065
55&8		0.732264995575	0.718632304479	45.2738351822	107.273835182	0.728926995575		0.1	0.126984126984
56&8		0.176333904266	0.710179641843	45.4514970779	108.451497078	0.173106904266		0.1	0.125
57&8		0.192414999008	0.702234077454	45.6452150345	109.645215034	0.189255999008		0.1	0.123076923077
58&8		1.20461702347	0.709866971681	46.8512201309	111.851220131	1.20133202347		0.1	0.121212121212
59&8		0.187464952469	0.702089626398	47.0400049686	113.040004969	0.184362952469		0.1	0.119402985075
59&9		3.52913308144	0.743682899896	50.5704371929	117.570437193	3.52809608144		0.1	0.132352941176
60&9		0.418289899826	0.738987349082	50.9901270866	118.990127087	0.415130899826		0.1	0.130434782609
61&9		0.531466007233	0.736041372163	51.5228960514	120.522896051	0.527978007233		0.1	0.128571428571
61&10		3.50974798203	0.775125678156	55.0339231491	125.033923149	3.50869398203		0.2	0.140845070423
61&11		2.57605099678	0.800157821841	57.6113631725	128.611363173	2.57504199678		0.3	0.152777777778
62&11		0.196901082993	0.791913248088	57.8096671104	129.80966711	0.193800082993		0.3	0.150684931507
63&11		0.432131052017	0.787069191804	58.2431201935	131.243120193	0.428712052017		0.3	0.148648648649
64&11		0.501444101334	0.783278067907	58.745855093	132.745855093	0.498275101334		0.3	0.146666666667
65&11		1.4656419754	0.792273066546	60.2127530575	135.212753057	1.4620619754		0.3	0.144736842105
66&11		0.203490018845	0.784643495238	60.4175491333	136.417549133	0.200177018845		0.3	0.142857142857
67&11		0.215220928192	0.777360552397	60.6341230869	137.634123087	0.211836928192		0.2	0.141025641026
67&12		2.53609609604	0.799639191809	63.1714961529	141.171496153	2.53515609604		0.3	0.151898734177
68&12		0.18798494339	0.792011064291	63.3608851433	142.360885143	0.18464094339		0.3	0.15
69&12		0.459448099136	0.78792133449	63.8216280937	143.821628094	0.456261099136		0.2	0.148148148148
70&12		0.177754878998	0.780496658348	64.0007259846	145.000725985	0.174219878998		0.1	0.146341463415
70&13		2.52920198441	0.801581181676	66.5312380791	148.531238079	2.52821398441		0.2	0.156626506024
71&13		0.172060966492	0.7941041901	66.7047519684	149.704751968	0.168966966492		0.2	0.154761904762
72&13		0.193109035492	0.787049153272	66.8991780281	150.899178028	0.189748035492		0.2	0.152941176471
73&13		0.884675979614	0.788201803385	67.7853550911	152.785355091	0.879142979614		0.2	0.151162790698
74&13		0.197476863861	0.781428644027	67.9842920303	153.98429203	0.193734863861		0.2	0.149425287356
75&13		0.18590593338	0.774675659158	68.1714580059	155.171458006	0.18264493338		0.2	0.147727272727
75&14		3.52481102943	0.805590752805	71.6975769997	159.697577	3.52380402943		0.2	0.157303370787
76&14		1.66693401337	0.815176966455	73.365926981	162.365926981	1.66283301337		0.2	0.155555555556
77&14		1.60567116737	0.823876606239	74.9727711678	164.972771168	1.60231816737		0.2	0.153846153846
78&14		0.189719200134	0.816997502161	75.1637701988	166.163770199	0.186297200134		0.2	0.152173913043
79&14		1.1852722168	0.820971442807	76.3503441811	168.350344181	1.1819722168		0.1	0.150537634409
80&14		0.61362195015	0.818779648618	76.9652869701	169.96528697	0.61026995015		0.1	0.148936170213
80&15		2.53122496605	0.836819169396	79.4978210926	173.497821093	2.53022696605		0.2	0.157894736842
81&15		0.17445898056	0.829933740199	79.6736390591	174.673639059	0.17105098056		0.2	0.15625
82&15		0.356213092804	0.825064516559	80.0312581062	176.031258106	0.351823092804		0.2	0.154639175258
82&16		2.63938999176	0.843592960007	82.6721100807	179.672110081	2.63785299176		0.3	0.163265306122
83&16		0.98472905159	0.84503276902	83.658244133	181.658244133	0.98120605159		0.2	0.161616161616
84&16		0.20346903801	0.838631381989	83.8631381989	182.863138199	0.20015703801		0.2	0.16
85&16		1.08575582504	0.841091108794	84.9502019882	184.950201988	1.08230982504		0.2	0.158415841584
86&16		0.190598964691	0.834726342968	85.1420869827	186.142086983	0.187035964691		0.2	0.156862745098
87&16		0.208719968796	0.828661339954	85.3521180153	187.352118015	0.205456968796		0.2	0.155339805825
87&17		2.02939581871	0.840219548115	87.382833004	190.382833004	2.02860481871		0.3	0.163461538462
88&17		0.180461883545	0.83394940013	87.5646870136	191.564687014	0.177128883545		0.2	0.161904761905
89&17		0.190593004227	0.827893263889	87.7566859722	192.756685972	0.186872004227		0.2	0.160377358491
90&17		0.248403787613	0.82248945771	88.0063719749	194.006371975	0.245225787613		0.2	0.158878504673
91&17		0.679127931595	0.821175120495	88.6869130135	195.686913013	0.674663931595		0.1	0.157407407407
92&17		0.204051017761	0.815527981574	88.8925499916	196.892549992	0.199507017761		0.1	0.155963302752
93&17		0.188410043716	0.809839536927	89.082349062	198.082349062	0.183884043716		0.1	0.154545454545
94&17		0.206702947617	0.804418785078	89.2904851437	199.290485144	0.201956947617		0.1	0.153153153153
95&17		0.181964159012	0.798875010439	89.4740011692	200.474001169	0.177409159012		0.1	0.151785714286
96&17		0.584351062775	0.796989099114	90.0597681999	202.0597682	0.578436062775		0.1	0.150442477876
97&17		0.197662115097	0.791744650456	90.258890152	203.258890152	0.189811115097		0.0	0.149122807018
98&17		0.191525936127	0.786539453009	90.452037096	204.452037096	0.187184936127		0.0	0.147826086957
99&17		0.162830114365	0.781175397593	90.6163461208	205.616346121	0.158275114365		0.0	0.146551724138
100&17		0.204238891602	0.776256803773	90.8220460415	206.822046041	0.200477891602		0.0	0.145299145299
101&17		0.238046884537	0.771707856049	91.0615270138	208.061527014	0.232992884537		0.0	0.14406779661
102&17		0.169327020645	0.766657646965	91.2322599888	209.232259989	0.165967020645		0.0	0.142857142857
103&17		0.186017990112	0.761830401421	91.4196481705	210.41964817	0.182210990112		0.0	0.141666666667
104&17		0.198058128357	0.757183447357	91.6191971302	211.61919713	0.193428128357		0.0	0.140495867769
105&17		0.566401004791	0.755631353034	92.1870250702	213.18702507	0.563291004791		0.0	0.139344262295
106&17		0.168835878372	0.750871699031	92.3572189808	214.357218981	0.165780878372		0.0	0.138211382114
107&17		0.174138069153	0.746231661689	92.5327260494	215.532726049	0.169742069153		0.0	0.137096774194
108&17		0.195516109467	0.741837377548	92.7296721935	216.729672194	0.190574109467		0.0	0.136
109&17		0.179189920425	0.737383691091	92.9103450775	217.910345078	0.174538920425		0.0	0.134920634921
110&17		0.530967950821	0.735770032162	93.4427940845	219.442794085	0.527211950821		0.0	0.133858267717
111&17		0.222438812256	0.731770148501	93.6665790081	220.666579008	0.218561812256		0.0	0.1328125
111&18		2.5158290863	0.745610752771	96.1837871075	224.183787107	2.5144160863		0.1	0.139534883721
111&19		2.62356305122	0.760068992468	98.8089690208	227.808969021	2.62227105122		0.2	0.146153846154
112&19		0.589733123779	0.75878069601	99.4002711773	229.400271177	0.586163123779		0.2	0.145038167939
113&19		0.175544023514	0.754372379997	99.5771541595	230.57715416	0.172488023514		0.2	0.143939393939
114&19		0.180016994476	0.750064120257	99.7585279942	231.758527994	0.175077994476		0.2	0.142857142857
115&19		1.17388296127	0.753237754551	100.93385911	233.93385911	1.17042896127		0.2	0.141791044776
116&19		0.443156003952	0.750950905129	101.378372192	235.378372192	0.439690003952		0.2	0.140740740741
116&20		2.53629302979	0.76408835369	103.916016102	238.916016102	2.53523102979		0.3	0.147058823529
117&20		0.625648021698	0.763088322034	104.543100119	240.543100119	0.622191021698		0.3	0.14598540146
118&20		0.186871051788	0.758922269379	104.731273174	241.731273174	0.183781051788		0.3	0.144927536232
119&20		0.200432062149	0.754913928697	104.933036089	242.933036089	0.197048062149		0.2	0.143884892086
120&20		0.20352101326	0.750985079152	105.137911081	244.137911081	0.19992101326		0.1	0.142857142857
121&20		0.192568063736	0.747033780348	105.331763029	245.331763029	0.189368063736		0.1	0.141843971631
121&21		2.58760499954	0.760004669848	107.920663118	248.920663118	2.58658999954		0.2	0.147887323944
122&21		0.15779709816	0.755803546705	108.079907179	250.079907179	0.15420909816		0.2	0.146853146853
123&21		0.19039607048	0.751885952221	108.27157712	251.27157712	0.18678507048		0.2	0.145833333333
124&21		0.18896985054	0.748012565744	108.461822033	252.461822033	0.18567085054		0.2	0.144827586207
125&21		0.219393014908	0.744400726606	108.682506084	253.682506084	0.216092014908		0.1	0.143835616438
126&21		0.459996938705	0.742474851154	109.14380312	255.14380312	0.456662938705		0.1	0.142857142857
127&21		0.409142017365	0.740231426986	109.554251194	256.554251194	0.406005017365		0.1	0.141891891892
128&21		0.195773839951	0.736586093903	109.751327991	257.751327991	0.192612839951		0.1	0.140939597315
129&21		0.420280218124	0.734486001333	110.1729002	259.1729002	0.416959218124		0.1	0.14
130&21		0.179589033127	0.730819656359	110.35376811	260.35376811	0.176140033127		0.1	0.139072847682
131&21		0.181730985641	0.727216177865	110.536859035	261.536859035	0.178729985641		0.0	0.138157894737
132&21		0.193688869476	0.723738006517	110.731914997	262.731914997	0.190428869476		0.0	0.137254901961
133&21		0.179383993149	0.720211831006	110.912621975	263.912621975	0.176064993149		0.0	0.136363636364
134&21		0.207540988922	0.716912484938	111.121435165	265.121435165	0.203761988922		0.0	0.135483870968
135&21		0.198918104172	0.713603910727	111.322210073	266.322210073	0.195386104172		0.0	0.134615384615
136&21		1.18988919258	0.71664584822	112.51339817	268.51339817	1.18649619258		0.0	0.133757961783
137&21		0.168107032776	0.713182425197	112.682823181	269.682823181	0.164687032776		0.0	0.132911392405
138&21		1.18858098984	0.716180339549	113.872673988	271.872673988	1.18509098984		0.0	0.132075471698
139&21		0.189909934998	0.712899506092	114.063920975	273.063920975	0.186861934998		0.0	0.13125
140&21		0.206135034561	0.709760032085	114.271365166	274.271365166	0.202551034561		0.0	0.130434782609
141&21		1.31559109688	0.713507661113	115.5882411	276.5882411	1.31235409688		0.0	0.12962962963
142&21		0.193264961243	0.710324104578	115.782829046	277.782829046	0.190238961243		0.0	0.128834355828
142&22		2.54944705963	0.721546135298	118.333566189	281.333566189	2.54843805963		0.1	0.134146341463
143&22		0.151584863663	0.718100193775	118.486531973	282.486531973	0.148195863663		0.1	0.133333333333
144&22		0.166671037674	0.714781957937	118.653805017	283.653805017	0.163262037674		0.1	0.132530120482
145&22		0.179404020309	0.711583874183	118.834506989	284.834506989	0.176265020309		0.1	0.131736526946
146&22		0.190707206726	0.708491167852	119.026516199	286.026516199	0.187277206726		0.1	0.130952380952
147&22		0.198956012726	0.705479805286	119.226087093	287.226087093	0.195435012726		0.1	0.130177514793
148&22		0.514407873154	0.70436204742	119.741548061	288.741548061	0.511061873154		0.1	0.129411764706
149&22		0.19405579567	0.701385339101	119.936892986	289.936892986	0.19089679567		0.1	0.12865497076
150&22		0.705996990204	0.701420610727	120.644345045	291.644345045	0.701764990204		0.1	0.127906976744
151&22		0.887692928314	0.702505052434	121.533374071	293.533374071	0.884118928314		0.1	0.127167630058
152&22		0.400729894638	0.700778189747	121.935405016	294.935405016	0.397489894638		0.0	0.126436781609
153&22		0.205955028534	0.697958131518	122.142673016	296.142673016	0.202299028534		0.0	0.125714285714
154&22		0.594007968903	0.697375250134	122.738044024	297.738044024	0.589531968903		0.0	0.125
155&22		0.181329011917	0.69446767252	122.920778036	298.920778036	0.176813011917		0.0	0.124293785311
156&22		0.20516705513	0.691726933704	123.127394199	300.127394199	0.20133705513		0.0	0.123595505618
157&22		0.777483940125	0.692214028129	123.906311035	301.906311035	0.773721940125		0.0	0.122905027933
158&22		0.410058021545	0.690654122829	124.317742109	303.317742109	0.405315021545		0.0	0.122222222222
159&22		0.204204082489	0.68797448722	124.523382187	304.523382187	0.199537082489		0.0	0.121546961326
160&22		0.195964097977	0.685278786408	124.720739126	305.720739126	0.191410097977		0.0	0.120879120879
161&22		0.199720144272	0.682633175876	124.921871185	306.921871185	0.196324144272		0.0	0.120218579235
162&22		0.87625002861	0.683692577093	125.799434185	308.799434185	0.87284102861		0.0	0.119565217391
163&22		0.191894054413	0.681041173677	125.99261713	309.99261713	0.188622054413		0.0	0.118918918919
164&22		0.193907022476	0.678429070339	126.187807083	311.187807083	0.190532022476		0.0	0.118279569892
165&22		0.162000894547	0.675674438477	126.351119995	312.351119995	0.158873894547		0.0	0.117647058824
166&22		0.182480096817	0.673057963239	126.534897089	313.534897089	0.179087096817		0.0	0.117021276596
167&22		0.166320085526	0.670383518966	126.702485085	314.702485085	0.163340085526		0.0	0.116402116402
168&22		0.183578014374	0.667828110645	126.887341022	315.887341022	0.180098014374		0.0	0.115789473684
169&22		0.424797058105	0.666563026568	127.313538074	317.313538074	0.419828058105		0.0	0.115183246073
170&22		0.208756923676	0.664186015725	127.523715019	318.523715019	0.204408923676		0.0	0.114583333333
170&23		2.16596889496	0.671974912209	129.691158056	321.691158056	2.16377489496		0.1	0.119170984456
170&24		2.55276679993	0.681677659762	132.245465994	325.245465994	2.55190079993		0.2	0.123711340206
171&24		0.209321975708	0.679262656432	132.456218004	326.456218004	0.206022975708		0.2	0.123076923077

Total-Times:195	Loss-Times:24	Recent 10 times loss possiblity: 0.2	Total Hex File Loss number: 2
