Times(S&L)	Runnig-Time	Average-Time	Total-Time	Total-ExeTime	Msg-trans-Time		LP	TLP
1&0		0.12820982933	0.128812789917	0.128812789917	0.128812789917	0.12449082933		0.0	0.0
2&0		0.148456811905	0.139327406883	0.278654813766	1.27865481377	0.145407811905		0.0	0.0
3&0		0.13197684288	0.137335936228	0.412007808685	2.41200780869	0.12735584288		0.0	0.0
4&0		0.141848802567	0.138819694519	0.555278778076	3.55527877808	0.136733802567		0.0	0.0
5&0		0.130411148071	0.137423992157	0.687119960785	4.68711996078	0.125046148071		0.0	0.0
6&0		0.133858919144	0.137068152428	0.822408914566	5.82240891457	0.128543919144		0.0	0.0
7&0		0.123083114624	0.135276283537	0.946933984756	6.94693398476	0.117891114624		0.0	0.0
8&0		0.139179944992	0.135952234268	1.08761787415	8.08761787415	0.133533944992		0.0	0.0
9&0		0.12800693512	0.135226541095	1.21703886986	9.21703886986	0.12287493512		0.0	0.0
10&0		0.124336004257	0.134282493591	1.34282493591	10.3428249359	0.120935004257		0.0	0.0
11&0		0.127115011215	0.133750893853	1.47125983238	11.4712598324	0.121915011215		0.0	0.0
12&0		0.125218868256	0.133156736692	1.5978808403	12.5978808403	0.121883868256		0.0	0.0
13&0		0.129135847092	0.132955752886	1.72842478752	13.7284247875	0.125344847092		0.0	0.0
14&0		0.129934072495	0.132834996496	1.85968995094	14.8596899509	0.124365072495		0.0	0.0
15&0		0.132169008255	0.13288526535	1.99327898026	15.9932789803	0.126676008255		0.0	0.0
16&0		0.136765003204	0.133216738701	2.13146781921	17.1314678192	0.133055003204		0.0	0.0
17&0		0.133975982666	0.133339755675	2.26677584648	18.2667758465	0.128810982666		0.0	0.0
18&0		0.124272108078	0.132914609379	2.39246296883	19.3924629688	0.121225108078		0.0	0.0
19&0		0.12383890152	0.132507462251	2.51764178276	20.5176417828	0.12049890152		0.0	0.0
20&0		0.125368118286	0.132215845585	2.6443169117	21.6443169117	0.120072118286		0.0	0.0
21&0		0.129595041275	0.132159516925	2.77534985542	22.7753498554	0.123778041275		0.0	0.0
22&0		0.126128911972	0.131951581348	2.90293478966	23.9029347897	0.122365911972		0.0	0.0
23&0		0.133943080902	0.132095171058	3.03818893433	25.0381889343	0.127897080902		0.0	0.0
24&0		0.126891851425	0.131968617439	3.16724681854	26.1672468185	0.121149851425		0.0	0.0
25&0		0.127778053284	0.131862792969	3.29656982422	27.2965698242	0.124535053284		0.0	0.0
26&0		0.128128051758	0.131769455396	3.4260058403	28.4260058403	0.122424051758		0.0	0.0
27&0		0.128403902054	0.131700215516	3.55590581894	29.5559058189	0.125098902054		0.0	0.0
28&0		0.135891914368	0.131896206311	3.6930937767	30.6930937767	0.132155914368		0.0	0.0
29&0		0.124135017395	0.131673788202	3.81853985786	31.8185398579	0.121011017395		0.0	0.0
30&0		0.128087043762	0.131597399712	3.94792199135	32.9479219913	0.123409043762		0.0	0.0
31&0		0.125252008438	0.13144393121	4.07476186752	34.0747618675	0.119833008438		0.0	0.0
32&0		0.126143932343	0.131324619055	4.20238780975	35.2023878098	0.121049932343		0.0	0.0
33&0		0.128194093704	0.131272424351	4.33199000359	36.3319900036	0.125373093704		0.0	0.0
34&0		0.130620956421	0.131291789167	4.46392083168	37.4639208317	0.125571956421		0.0	0.0
35&0		0.125664949417	0.131170654297	4.59097290039	38.5909729004	0.122496949417		0.0	0.0
36&0		0.122422933578	0.130963385105	4.71468186378	39.7146818638	0.119339933578		0.0	0.0
37&0		0.131222963333	0.131004997202	4.84718489647	40.8471848965	0.126366963333		0.0	0.0
38&0		0.129176139832	0.130994420303	4.9777879715	41.9777879715	0.124312139832		0.0	0.0
39&0		0.126831054688	0.130929867427	5.10626482964	43.1062648296	0.121738054687		0.0	0.0
40&0		0.12747502327	0.130879795551	5.23519182205	44.2351918221	0.12384402327		0.0	0.0
41&0		0.126565933228	0.130806876392	5.36308193207	45.3630819321	0.123435933228		0.0	0.0
42&0		0.133095026016	0.13089233353	5.49747800827	46.4974780083	0.130008026016		0.0	0.0
43&0		0.132114887238	0.130951182787	5.63090085983	47.6309008598	0.127102887238		0.0	0.0
44&0		0.130841016769	0.130980497057	5.7631418705	48.7631418705	0.125769016769		0.0	0.0
45&0		0.130733013153	0.131007311079	5.89532899857	49.8953289986	0.125650013153		0.0	0.0
46&0		0.146636962891	0.131377214971	6.04335188866	51.0433518887	0.141395962891		0.0	0.0
47&0		0.125960826874	0.131298399986	6.17102479935	52.1710247993	0.122655826874		0.0	0.0
48&0		0.126314878464	0.131221766273	6.29864478111	53.2986447811	0.120815878464		0.0	0.0
49&0		0.126856088638	0.131161733549	6.42692494392	54.4269249439	0.123723088638		0.0	0.0
50&0		0.126352071762	0.131091537476	6.55457687378	55.5545768738	0.123408071762		0.0	0.0
51&0		0.121154069901	0.130922055712	6.67702484131	56.6770248413	0.117668069901		0.0	0.0
52&0		0.138018846512	0.13108501526	6.81642079353	57.8164207935	0.132989846512		0.0	0.0
53&0		0.133412122726	0.131156300599	6.95128393173	58.9512839317	0.128357122726		0.0	0.0
54&0		0.13337802887	0.131224089199	7.08610081673	60.0861008167	0.12765702887		0.0	0.0
55&0		0.129897117615	0.131226145137	7.21743798256	61.2174379826	0.124733117615		0.0	0.0
56&0		0.128647089005	0.131205247981	7.34749388695	62.3474938869	0.125733089005		0.0	0.0
57&0		0.127139091492	0.131157034322	7.47595095634	63.4759509563	0.122133091492		0.0	0.0
58&0		0.132530927658	0.131204859964	7.6098818779	64.6098818779	0.129301927658		0.0	0.0
59&0		0.13569688797	0.131302607262	7.74685382843	65.7468538284	0.13265288797		0.0	0.0
60&0		0.129483938217	0.131295565764	7.87773394585	66.8777339458	0.124758938217		0.0	0.0
61&0		0.130628824234	0.131310013474	8.00991082191	68.0099108219	0.125610824234		0.0	0.0
62&0		0.133725881577	0.131371932645	8.14505982399	69.145059824	0.128293881577		0.0	0.0
63&0		0.125791072845	0.131306141142	8.27228689194	70.2722868919	0.120802072845		0.0	0.0
64&0		0.123269081116	0.131202608347	8.3969669342	71.3969669342	0.120144081116		0.0	0.0
65&0		0.130182981491	0.131208012654	8.52852082253	72.5285208225	0.127130981491		0.0	0.0
66&0		0.131681919098	0.131235194929	8.6615228653	73.6615228653	0.128470919098		0.0	0.0
67&0		0.133453845978	0.131287638821	8.79627180099	74.796271801	0.130159845978		0.0	0.0
68&0		0.149837017059	0.131579395603	8.94739890099	75.947398901	0.145238017059		0.0	0.0
69&0		0.142972946167	0.13176485421	9.09177494049	77.0917749405	0.137438946167		0.0	0.0
70&0		0.128662109375	0.131740842547	9.22185897827	78.2218589783	0.125190109375		0.0	0.0
71&0		0.128823041916	0.131718068056	9.35198283195	79.351982832	0.125866041916		0.0	0.0
72&0		0.137975931168	0.131824192074	9.4913418293	80.4913418293	0.132729931168		0.0	0.0
73&0		0.124634027481	0.131745122883	9.61739397049	81.6173939705	0.121615027481		0.0	0.0
74&0		0.133648872375	0.131780228099	9.75173687935	82.7517368793	0.128602872375		0.0	0.0
75&0		0.126962184906	0.131734879812	9.88011598587	83.8801159859	0.121978184906		0.0	0.0
76&0		0.135756969452	0.131806470846	10.0172917843	85.0172917843	0.130687969452		0.0	0.0
77&0		0.131561040878	0.131821558073	10.1502599716	86.1502599716	0.125806040878		0.0	0.0
78&0		0.12655210495	0.131771857922	10.2782049179	87.2782049179	0.12361010495		0.0	0.0
79&0		0.132479906082	0.131797618504	10.4120118618	88.4120118618	0.127320906082		0.0	0.0
80&0		0.1274061203	0.13175997436	10.5407979488	89.5407979488	0.1243461203		0.0	0.0
81&0		0.122414827347	0.131660540899	10.6645038128	90.6645038128	0.119404827347		0.0	0.0
82&0		0.132730960846	0.131689400208	10.798530817	91.798530817	0.129336960846		0.0	0.0
83&0		0.130294084549	0.131688155324	10.9301168919	92.9301168919	0.125511084549		0.0	0.0
84&0		0.130995035172	0.131696678343	11.0625209808	94.0625209808	0.125863035172		0.0	0.0
85&0		0.13237285614	0.13172249233	11.1964118481	95.1964118481	0.12726085614		0.0	0.0
86&0		0.138054132462	0.131812522578	11.3358769417	96.3358769417	0.133183132462		0.0	0.0
87&0		0.127144098282	0.131774907825	11.4644169807	97.4644169807	0.124269098282		0.0	0.0
88&0		0.131644010544	0.131788440726	11.5973827839	98.5973827839	0.126543010544		0.0	0.0
89&0		0.128602027893	0.131768639168	11.727408886	99.727408886	0.123502027893		0.0	0.0
90&0		0.128310918808	0.131745987468	11.8571388721	100.857138872	0.123305918808		0.0	0.0
91&0		0.130410909653	0.131747130509	11.9889888763	101.988988876	0.125380909653		0.0	0.0
92&0		0.12636089325	0.131703628146	12.1167337894	103.116733789	0.12119989325		0.0	0.0
93&0		0.13606595993	0.131765568128	12.2541978359	104.254197836	0.13086695993		0.0	0.0
94&0		0.138283014297	0.131850552052	12.3939518929	105.393951893	0.135128014297		0.0	0.0
95&0		0.135613203049	0.131904105136	12.5308899879	106.530889988	0.130484203049		0.0	0.0
96&0		0.126885890961	0.131866539518	12.6591877937	107.659187794	0.121923890961		0.0	0.0
97&0		0.127163171768	0.131832380885	12.7877409458	108.787740946	0.124187171768		0.0	0.0
98&0		0.13047504425	0.13183137592	12.9194748402	109.91947484	0.12518504425		0.0	0.0
99&0		0.150336027145	0.132033008518	13.0712678432	111.071267843	0.144174027145		0.0	0.0
100&0		0.133291006088	0.132061188221	13.2061188221	112.206118822	0.127535006088		0.0	0.0
101&0		0.140527963638	0.13216019621	13.3481798172	113.348179817	0.134602963638		0.0	0.0
102&0		0.126244068146	0.132117764623	13.4760119915	114.476011992	0.122877068146		0.0	0.0
103&0		0.134174108505	0.13215299023	13.6117579937	115.611757994	0.130781108505		0.0	0.0
104&0		0.157999992371	0.132414075044	13.7710638046	116.771063805	0.154510992371		0.0	0.0
105&0		0.12989115715	0.132402694793	13.9022829533	117.902282953	0.12361715715		0.0	0.0
106&0		0.129870891571	0.13239230075	14.0335838795	119.033583879	0.123659891571		0.0	0.0
107&0		0.132401943207	0.132405278839	14.1673648357	120.167364836	0.128050943207		0.0	0.0
108&0		0.137174129486	0.132461693552	14.3058629036	121.305862904	0.131567129486		0.0	0.0
109&0		0.135743141174	0.132505403746	14.4430890083	122.443089008	0.132853141174		0.0	0.0
110&0		0.139786958694	0.13258329955	14.5841629505	123.584162951	0.136720958694		0.0	0.0
111&0		0.134077072144	0.132608684334	14.719563961	124.719563961	0.128135072144		0.0	0.0
112&0		0.127043962479	0.132575980255	14.8485097885	125.848509789	0.121553962479		0.0	0.0
113&0		0.129122972488	0.132557759243	14.9790267944	126.979026794	0.123748972488		0.0	0.0
114&0		0.129371166229	0.13254339444	15.1099469662	128.109946966	0.123102166229		0.0	0.0
115&0		0.126013040543	0.132499555919	15.2374489307	129.237448931	0.120197040543		0.0	0.0
116&0		0.125606060028	0.132452438618	15.3644828796	130.36448288	0.120316060028		0.0	0.0
117&0		0.130714893341	0.13245086996	15.4967517853	131.496751785	0.127341893341		0.0	0.0
118&0		0.122255802155	0.132375735348	15.620336771	132.620336771	0.119030802155		0.0	0.0
119&0		0.129866838455	0.132366166395	15.751573801	133.751573801	0.124186838455		0.0	0.0
120&0		0.127321004868	0.132336131732	15.8803358078	134.880335808	0.121846004868		0.0	0.0
121&0		0.137830018997	0.132393511859	16.0196149349	136.019614935	0.131933018997		0.0	0.0
122&0		0.130206108093	0.132387401628	16.1512629986	137.151262999	0.123409108093		0.0	0.0
123&0		0.137382030487	0.132439714137	16.2900848389	138.290084839	0.133979030487		0.0	0.0
124&0		0.130219221115	0.132433024145	16.421694994	139.421694994	0.124857221115		0.0	0.0
125&0		0.131041049957	0.132433639526	16.5542049408	140.554204941	0.127668049957		0.0	0.0
126&0		0.132283210754	0.132442968232	16.6878139973	141.687813997	0.129042210754		0.0	0.0
127&0		0.132343053818	0.132453740112	16.8216249943	142.821624994	0.126791053818		0.0	0.0
128&0		0.127442836761	0.132425568998	16.9504728317	143.950472832	0.121514836761		0.0	0.0
129&0		0.135257959366	0.132459030595	17.0872149467	145.087214947	0.129095959366		0.0	0.0
130&0		0.124413013458	0.132411059966	17.2134377956	146.213437796	0.120704013458		0.0	0.0
131&0		0.134434938431	0.132436990738	17.3492457867	147.349245787	0.128899938431		0.0	0.0
132&0		0.126298189163	0.132401325486	17.4769749641	148.476974964	0.122926189163		0.0	0.0
133&0		0.129908084869	0.132392623371	17.6082189083	149.608218908	0.126529084869		0.0	0.0
134&0		0.1253490448	0.132350133426	17.7349178791	150.734917879	0.1200940448		0.0	0.0
135&0		0.128486871719	0.132334806301	17.8651988506	151.865198851	0.123351871719		0.0	0.0
136&0		0.134701967239	0.13236313883	18.0013868809	153.001386881	0.129120967239		0.0	0.0
137&0		0.13192987442	0.132371086274	18.1348388195	154.13483882	0.12534487442		0.0	0.0
138&0		0.127439975739	0.132347535396	18.2639598846	155.263959885	0.122043975739		0.0	0.0
139&0		0.137401103973	0.132394294945	18.4028069973	156.402806997	0.131775103973		0.0	0.0
140&0		0.131404161453	0.132398463999	18.5357849598	157.53578496	0.126050161453		0.0	0.0
141&0		0.13595700264	0.132434956571	18.6733288765	158.673328876	0.13260900264		0.0	0.0
142&0		0.128571033478	0.132416978688	18.8032109737	159.803210974	0.123076033478		0.0	0.0
143&0		0.133179187775	0.132432769229	18.9378859997	160.937886	0.127803187775		0.0	0.0
144&0		0.134174108505	0.132455971506	19.0736598969	162.073659897	0.127491108505		0.0	0.0
145&0		0.127031087875	0.132431482447	19.2025649548	163.202564955	0.120755087875		0.0	0.0
146&0		0.130306959152	0.13242884858	19.3346118927	164.334611893	0.124650959152		0.0	0.0
147&0		0.126211166382	0.132396088165	19.4622249603	165.46222496	0.122748166382		0.0	0.0
148&0		0.129647016525	0.13238813426	19.5934438705	166.593443871	0.125972016525		0.0	0.0
149&0		0.125064849854	0.132348059008	19.7198607922	167.719860792	0.119537849854		0.0	0.0
150&0		0.125918865204	0.132315839132	19.8473758698	168.84737587	0.122684865204		0.0	0.0
151&0		0.130173921585	0.132310297315	19.9788548946	169.978854895	0.123983921585		0.0	0.0
152&0		0.127038002014	0.132285361227	20.1073749065	171.107374907	0.123239002014		0.0	0.0
153&0		0.127576828003	0.132263495252	20.2363147736	172.236314774	0.122570828003		0.0	0.0
154&0		0.123471021652	0.132215414728	20.3611738682	173.361173868	0.120705021652		0.0	0.0
155&0		0.125980138779	0.132183522563	20.4884459972	174.488445997	0.122745138779		0.0	0.0
156&0		0.12418794632	0.132140537103	20.6139237881	175.613923788	0.12112894632		0.0	0.0
157&0		0.160665988922	0.132330624161	20.7759079933	176.775907993	0.157428988922		0.0	0.0
158&0		0.127091884613	0.132305739801	20.9043068886	177.904306889	0.124043884613		0.0	0.0
159&0		0.130937814713	0.132306508298	21.0367348194	179.036734819	0.127631814713		0.0	0.0
160&0		0.126232147217	0.132277618349	21.1644189358	180.164418936	0.121056147217		0.0	0.0
161&0		0.131139993668	0.132279341265	21.2969739437	181.296973944	0.126045993668		0.0	0.0
162&0		0.12652182579	0.132252881556	21.4249668121	182.424966812	0.12318482579		0.0	0.0
163&0		0.125303983688	0.132218195617	21.5515658855	183.551565886	0.122221983688		0.0	0.0
164&0		0.134210824966	0.132238584321	21.6871278286	184.687127829	0.129050824966		0.0	0.0
165&0		0.125195026398	0.132204496499	21.8137419224	185.813741922	0.119986026398		0.0	0.0
166&0		0.143903017044	0.132283518113	21.9590640068	186.959064007	0.138476017044		0.0	0.0
167&0		0.130928993225	0.132284508494	22.0915129185	188.091512918	0.125384993225		0.0	0.0
168&0		0.125717878342	0.132253844114	22.2186458111	189.218645811	0.122239878342		0.0	0.0
169&0		0.125601053238	0.13222269758	22.345635891	190.345635891	0.121403053238		0.0	0.0
170&0		0.126052856445	0.132194958014	22.4731428623	191.473142862	0.122767856445		0.0	0.0
171&0		0.13076710701	0.132194882945	22.6053249836	192.605324984	0.12579410701		0.0	0.0
172&0		0.122615098953	0.13214734266	22.7293429375	193.729342937	0.118838098953		0.0	0.0
173&0		0.125813961029	0.132118704691	22.8565359116	194.856535912	0.122653961029		0.0	0.0
174&0		0.126199007034	0.132092247064	22.9840509892	195.984050989	0.122822007034		0.0	0.0
175&0		0.13206911087	0.132099657059	23.1174399853	197.117439985	0.12868611087		0.0	0.0
176&0		0.130391120911	0.132093528455	23.2484610081	198.248461008	0.125588120911		0.0	0.0
177&0		0.136016130447	0.13212405625	23.3859579563	199.385957956	0.132459130447		0.0	0.0
178&0		0.126054048538	0.132097280427	23.5133159161	200.513315916	0.122697048538		0.0	0.0
179&0		0.130609035492	0.132096334543	23.6452438831	201.645243883	0.127665035492		0.0	0.0
180&0		0.128318071365	0.1320824941	23.774848938	202.774848938	0.125167071365		0.0	0.0
181&0		0.128065109253	0.132067507802	23.9042189121	203.904218912	0.122965109253		0.0	0.0
182&0		0.133413076401	0.13208260379	24.0390338898	205.03903389	0.128255076401		0.0	0.0
183&0		0.128679990768	0.132071846821	24.1691479683	206.169147968	0.125136990768		0.0	0.0
184&0		0.126248836517	0.132047330556	24.2967088223	207.296708822	0.123053836517		0.0	0.0
185&0		0.13307094574	0.132060090916	24.4311168194	208.431116819	0.12829094574		0.0	0.0
186&0		0.129034996033	0.132051392268	24.5615589619	209.561558962	0.124083996033		0.0	0.0
187&0		0.129607200623	0.132046155114	24.6926310062	210.692631006	0.124687200623		0.0	0.0
188&0		0.128072977066	0.132032696237	24.8221468925	211.822146893	0.123233977066		0.0	0.0
189&0		0.134945869446	0.132055618145	24.9585118294	212.958511829	0.129726869446		0.0	0.0
190&0		0.127534866333	0.132039283451	25.0874638557	214.087463856	0.122625866333		0.0	0.0
191&0		0.128818035126	0.132029805508	25.217692852	215.217692852	0.123794035126		0.0	0.0
192&0		0.131052970886	0.132032702367	25.3502788544	216.350278854	0.126054970886		0.0	0.0
193&0		0.126564979553	0.132011719936	25.4782619476	217.478261948	0.121606979553		0.0	0.0
194&0		0.129282951355	0.132004922198	25.6089549065	218.608954906	0.124005951355		0.0	0.0
195&0		0.125766992569	0.131980081705	25.7361159325	219.736115932	0.122471992569		0.0	0.0
196&0		0.128947019577	0.131971238827	25.8663628101	220.86636281	0.123998019577		0.0	0.0
197&0		0.132793903351	0.131982532249	26.0005588531	222.000558853	0.127583903351		0.0	0.0
198&0		0.128773927689	0.131973473713	26.1307477951	223.130747795	0.123400927689		0.0	0.0
199&0		0.130760908127	0.131975326107	26.2630898952	224.263089895	0.125620908127		0.0	0.0
200&0		0.131515979767	0.131980154514	26.3960309029	225.396030903	0.126504979767		0.0	0.0
201&0		0.137117147446	0.132012656672	26.5345439911	226.534543991	0.132237147446		0.0	0.0
202&0		0.126442909241	0.131992147701	26.6624138355	227.662413836	0.121550909241		0.0	0.0
203&0		0.135619878769	0.132016831431	26.7994167805	228.79941678	0.130632878769		0.0	0.0
204&0		0.12658905983	0.131997082748	26.9274048805	229.927404881	0.12159305983		0.0	0.0
205&0		0.13751578331	0.132030896443	27.0663337708	231.066333771	0.13266078331		0.0	0.0
206&0		0.135205984116	0.132053106734	27.2029399872	232.202939987	0.130083984116		0.0	0.0
207&0		0.128585100174	0.132043134763	27.332928896	233.332928896	0.123944100174		0.0	0.0
208&0		0.125077962875	0.132016374515	27.459405899	234.459405899	0.120357962875		0.0	0.0
209&0		0.126942873001	0.131998869791	27.5877637863	235.587763786	0.121924873001		0.0	0.0
210&0		0.125631093979	0.131975775673	27.7149128914	236.714912891	0.120298093979		0.0	0.0
211&0		0.127691984177	0.131962179573	27.8440198898	237.84401989	0.122638984177		0.0	0.0
212&0		0.133195161819	0.131974631885	27.9786219597	238.97862196	0.128104161819		0.0	0.0
213&0		0.122970819473	0.131939027231	28.1030128002	240.1030128	0.117748819473		0.0	0.0
214&0		0.13325881958	0.131951695291	28.2376627922	241.237662792	0.12806781958		0.0	0.0
215&0		0.125514030457	0.131928920746	28.3647179604	242.36471796	0.120418030457		0.0	0.0
216&0		0.127969026566	0.131916989883	28.4940698147	243.494069815	0.122992026566		0.0	0.0
217&0		0.122861862183	0.131881939101	28.618380785	244.618380785	0.119585862183		0.0	0.0
218&0		0.129045009613	0.1318748391	28.7487149239	245.748714924	0.125821009613		0.0	0.0
219&0		0.136729001999	0.131903168273	28.8867938519	246.886793852	0.131733001999		0.0	0.0
220&0		0.124885082245	0.131877649914	29.0130829811	248.013082981	0.119928082245		0.0	0.0
221&0		0.132172107697	0.131885311722	29.1466538906	249.146653891	0.126628107697		0.0	0.0
222&0		0.131112098694	0.131888418584	29.2792289257	250.279228926	0.125847098694		0.0	0.0
223&0		0.128207921982	0.131878263747	29.4088528156	251.408852816	0.123015921982		0.0	0.0
224&0		0.127572059631	0.131865392838	29.5378479958	252.537847996	0.122507059631		0.0	0.0
225&0		0.125826835632	0.13184539477	29.6652138233	253.665213823	0.120879835632		0.0	0.0
226&0		0.128561973572	0.131837038867	29.795170784	254.795170784	0.125416973572		0.0	0.0
227&0		0.125001907349	0.131812699566	29.9214828014	255.921482801	0.119966907349		0.0	0.0
228&0		0.131719112396	0.131818513076	30.0546209812	257.054620981	0.126748112396		0.0	0.0
229&0		0.132133960724	0.131825986387	30.1881508827	258.188150883	0.128807960724		0.0	0.0
230&0		0.1277821064	0.131814051711	30.3172318935	259.317231894	0.1230791064		0.0	0.0
231&0		0.130226135254	0.131813333148	30.4488799572	260.448879957	0.125025135254		0.0	0.0
232&0		0.133708953857	0.131827852849	30.584061861	261.584061861	0.128612953857		0.0	0.0
233&0		0.128431797028	0.131819604292	30.7139678001	262.7139678	0.125344797028		0.0	0.0
234&0		0.134752988815	0.131837828547	30.8500518799	263.85005188	0.129638988815		0.0	0.0
235&0		0.131121873856	0.131840735293	30.982572794	264.982572794	0.126136873856		0.0	0.0
236&0		0.129181146622	0.131835415202	31.1131579876	266.113157988	0.123958146622		0.0	0.0
237&0		0.132661104202	0.131845168424	31.2473049164	267.247304916	0.127658104202		0.0	0.0
238&0		0.131355047226	0.131849318993	31.3801379204	268.38013792	0.126196047226		0.0	0.0
239&0		0.129247903824	0.131844334024	31.5107958317	269.510795832	0.124128903824		0.0	0.0
240&0		0.121795892715	0.131808245182	31.6339788437	270.633978844	0.118834892715		0.0	0.0
241&0		0.126058101654	0.131789659563	31.7613079548	271.761307955	0.122932101654		0.0	0.0
242&0		0.126437902451	0.131772987114	31.8890628815	272.889062881	0.121368902451		0.0	0.0
243&0		0.1323158741	0.131781061	32.022797823	274.022797823	0.1272718741		0.0	0.0
244&0		0.126837015152	0.131766675926	32.1510689259	275.151068926	0.121373015152		0.0	0.0
245&0		0.124737024307	0.131743779474	32.2772259712	276.277225971	0.121672024307		0.0	0.0
246&0		0.127393960953	0.131731360908	32.4059147835	277.405914783	0.124636960953		0.0	0.0
247&0		0.128041028976	0.131721748514	32.535271883	278.535271883	0.123064028976		0.0	0.0
248&0		0.130540132523	0.131722802116	32.6672549248	279.667254925	0.125577132523		0.0	0.0
249&0		0.130611181259	0.131724072269	32.7992939949	280.799293995	0.125570181259		0.0	0.0
250&0		0.136147022247	0.131747263908	32.9368159771	281.936815977	0.131421022247		0.0	0.0
251&0		0.129572153091	0.131744187192	33.0677909851	283.067790985	0.124519153091		0.0	0.0
252&0		0.133096933365	0.131755566786	33.2024028301	284.20240283	0.129832933365		0.0	0.0
253&0		0.137216091156	0.131782272588	33.3409149647	285.340914965	0.134378091156		0.0	0.0
254&0		0.132509946823	0.131790243735	33.4747219086	286.474721909	0.127618946823		0.0	0.0
255&0		0.129381895065	0.131786446478	33.6055438519	287.605543852	0.124396895065		0.0	0.0
256&0		0.130602121353	0.131787246093	33.7375349998	288.737535	0.125602121353		0.0	0.0
257&0		0.125304937363	0.131767396333	33.8642208576	289.864220858	0.122210937363		0.0	0.0
258&0		0.131018877029	0.131769654363	33.9965708256	290.996570826	0.125939877029		0.0	0.0
259&0		0.154580116272	0.131863169689	34.1525609493	292.152560949	0.148728116272		0.0	0.0
260&0		0.132880926132	0.131873437992	34.2870938778	293.287093878	0.127547926132		0.0	0.0
261&0		0.126415967941	0.131858378991	34.4150369167	294.415036917	0.120587967941		0.0	0.0
262&0		0.132637023926	0.131867618051	34.5493159294	295.549315929	0.126386023926		0.0	0.0
263&0		0.135536909103	0.131887201121	34.6863338947	296.686333895	0.131535909103		0.0	0.0
264&0		0.125794887543	0.131870726744	34.8138718605	297.813871861	0.120546887543		0.0	0.0
265&0		0.126410007477	0.131857116267	34.9421358109	298.942135811	0.121365007477		0.0	0.0
266&0		0.127966165543	0.131848330785	35.0716559887	300.071655989	0.122456165543		0.0	0.0
267&0		0.12794303894	0.131840595145	35.2014389038	301.201438904	0.12199603894		0.0	0.0
268&0		0.132735967636	0.131849958825	35.3357889652	302.335788965	0.127402967636		0.0	0.0
269&0		0.129539012909	0.131847248645	35.4669098854	303.466909885	0.123982012909		0.0	0.0
270&0		0.136549949646	0.131870303331	35.6049818993	304.604981899	0.130984949646		0.0	0.0
271&0		0.124534845352	0.131849076915	35.731099844	305.731099844	0.118865845352		0.0	0.0
272&0		0.130872011185	0.131852282321	35.8638207912	306.863820791	0.125944011185		0.0	0.0
273&0		0.134579896927	0.131867556345	35.9998428822	307.999842882	0.129435896927		0.0	0.0
274&0		0.125046014786	0.131847842766	36.126308918	309.126308918	0.119624014786		0.0	0.0
275&0		0.129954814911	0.131846177361	36.2576987743	310.257698774	0.126381814911		0.0	0.0
276&0		0.126852035522	0.131832908893	36.3858828545	311.385882854	0.121907035522		0.0	0.0
277&0		0.127424955368	0.131822049833	36.5147078037	312.514707804	0.122331955368		0.0	0.0
278&0		0.129174947739	0.131817592991	36.6452908516	313.645290852	0.124157947739		0.0	0.0
279&0		0.125795125961	0.131801121551	36.7725129128	314.772512913	0.120714125961		0.0	0.0
280&0		0.125064134598	0.131782417638	36.8990769386	315.899076939	0.120039134598		0.0	0.0
281&0		0.12570810318	0.131765861104	37.0262069702	317.02620697	0.12074510318		0.0	0.0
282&0		0.12477183342	0.13174638596	37.1524808407	318.152480841	0.11956483342		0.0	0.0
283&0		0.130860090256	0.131748349422	37.2847828865	319.284782887	0.125974090256		0.0	0.0
284&0		0.126039028168	0.131733186648	37.412225008	320.412225008	0.121320028168		0.0	0.0
285&0		0.127434968948	0.131723048394	37.5410687923	321.541068792	0.122392968948		0.0	0.0
286&0		0.124330997467	0.131702041293	37.6667838097	322.66678381	0.121348997467		0.0	0.0
287&0		0.126107931137	0.131686968255	37.7941598892	323.794159889	0.123007931137		0.0	0.0
288&0		0.128229141235	0.131679541535	37.923707962	324.923707962	0.123116141235		0.0	0.0
289&0		0.125342845917	0.13166252882	38.050470829	326.050470829	0.120209845917		0.0	0.0
290&0		0.130110025406	0.131662027589	38.1819880009	327.181988001	0.125041025406		0.0	0.0
291&0		0.131841897964	0.131667442748	38.3152258396	328.31522584	0.127194897964		0.0	0.0
292&0		0.133083105087	0.131677171139	38.4497339725	329.449733973	0.127912105087		0.0	0.0
293&0		0.130301952362	0.131677279293	38.5814428329	330.581442833	0.125372952362		0.0	0.0
294&0		0.129925966263	0.131676098116	38.7127728462	331.712772846	0.125045966263		0.0	0.0
295&0		0.137315034866	0.131700084169	38.8515248299	332.85152483	0.132531034866		0.0	0.0
296&0		0.12896490097	0.131695526677	38.9818758965	333.981875896	0.12417090097		0.0	0.0
297&0		0.124191999435	0.131675009776	39.1074779034	335.107477903	0.119233999435		0.0	0.0
298&0		0.136845111847	0.13169721469	39.2457699776	336.245769978	0.132827111847		0.0	0.0
299&0		0.134932041168	0.131712431094	39.3820168972	337.382016897	0.129930041168		0.0	0.0
300&0		0.127556085587	0.131703299681	39.5109899044	338.510989904	0.122460085587		0.0	0.0
301&0		0.128456115723	0.131697169174	39.6408479214	339.640847921	0.123271115723		0.0	0.0
302&0		0.128998994827	0.131692903721	39.7712569237	340.771256924	0.123939994827		0.0	0.0
303&0		0.130836009979	0.131694732326	39.9035038948	341.903503895	0.125827009979		0.0	0.0
304&0		0.132969141006	0.131703568917	40.0378849506	343.037884951	0.127909141006		0.0	0.0
305&0		0.128674030304	0.131698835873	40.1681449413	344.168144941	0.123377030304		0.0	0.0
306&0		0.149284124374	0.131760973556	40.3188579082	345.318857908	0.144355124374		0.0	0.0
307&0		0.134322881699	0.131773911392	40.4545907974	346.454590797	0.129308881699		0.0	0.0
308&0		0.128350019455	0.131767327909	40.5843369961	347.584336996	0.125175019455		0.0	0.0
309&0		0.133709192276	0.1317777896	40.7193369865	348.719336987	0.130463192276		0.0	0.0
310&0		0.133662939072	0.131788376839	40.8543968201	349.85439682	0.128039939072		0.0	0.0
311&0		0.144802093506	0.131835137916	41.0007278919	351.000727892	0.139151093506		0.0	0.0
312&0		0.140263080597	0.131866890651	41.142469883	352.142469883	0.134628080597		0.0	0.0
313&0		0.127861976624	0.131859006211	41.2718689442	353.271868944	0.122885976624		0.0	0.0
314&0		0.131040811539	0.131861021564	41.4043607712	354.404360771	0.125838811539		0.0	0.0
315&0		0.129760980606	0.131858907427	41.5355558395	355.53555584	0.124642980606		0.0	0.0
316&0		0.154450178146	0.131935009473	41.6914629936	356.691462994	0.148628178146		0.0	0.0
317&0		0.129060029984	0.13193065887	41.8220188618	357.822018862	0.123924029984		0.0	0.0
318&0		0.127748012543	0.131922090578	41.9512248039	358.951224804	0.122478012543		0.0	0.0
319&0		0.130834102631	0.131923134424	42.0834798813	360.083479881	0.125459102631		0.0	0.0
320&0		0.132427930832	0.131929083914	42.2173068523	361.217306852	0.127192930832		0.0	0.0
321&0		0.135566949844	0.131944853197	42.3542978764	362.354297876	0.130679949844		0.0	0.0
322&0		0.129397153854	0.131941341465	42.4851119518	363.485111952	0.124308153854		0.0	0.0
323&0		0.131988048553	0.131946309063	42.6186578274	364.618657827	0.126784048553		0.0	0.0
324&0		0.128186941147	0.131939119763	42.7482748032	365.748274803	0.122937941147		0.0	0.0
325&0		0.1264731884	0.131926704553	42.8761789799	366.87617898	0.1214301884		0.0	0.0
326&0		0.12889790535	0.131922008801	43.0065748692	368.006574869	0.12380990535		0.0	0.0
327&0		0.142827987671	0.131959681846	43.1508159637	369.150815964	0.137361987671		0.0	0.0
328&0		0.129391908646	0.131956261833	43.2816538811	370.281653881	0.124046908646		0.0	0.0
329&0		0.136461019516	0.131974455796	43.4195959568	371.419595957	0.131204019516		0.0	0.0
330&0		0.137758970261	0.131996302894	43.5587799549	372.558779955	0.132514970261		0.0	0.0
331&0		0.129727125168	0.131993743228	43.6899290085	373.689929008	0.126589125168		0.0	0.0
332&0		0.128564834595	0.131987418037	43.8198227882	374.819822788	0.125256834595		0.0	0.0
333&0		0.128901958466	0.131982149663	43.9500558376	375.950055838	0.124090958466		0.0	0.0
334&0		0.135344982147	0.131996559526	44.0868508816	377.086850882	0.129926982147		0.0	0.0
335&0		0.127173900604	0.131986435136	44.2154557705	378.21545577	0.123766900604		0.0	0.0
336&0		0.13600897789	0.132002386309	44.3528017998	379.3528018	0.13109197789		0.0	0.0
337&0		0.132524967194	0.132008115333	44.4867348671	380.486734867	0.127625967194		0.0	0.0
338&0		0.130671024323	0.132008295793	44.618803978	381.618803978	0.125392024323		0.0	0.0
339&0		0.130549907684	0.132008220594	44.7507867813	382.750786781	0.125288907684		0.0	0.0
340&0		0.126942873001	0.131997475905	44.8791418076	383.879141808	0.121745873001		0.0	0.0
341&0		0.121401071548	0.131970580372	45.001967907	385.001967907	0.116267071548		0.0	0.0
342&0		0.144086837769	0.132010110638	45.1474578381	386.147457838	0.138362837769		0.0	0.0
343&0		0.12641787529	0.131995705057	45.2745268345	387.274526834	0.12124087529		0.0	0.0
344&0		0.132688045502	0.132001918416	45.408659935	388.408659935	0.127436045502		0.0	0.0
345&0		0.125857114792	0.131988257947	45.5359489918	389.535948992	0.120674114792		0.0	0.0
346&0		0.128997087479	0.131983728078	45.666369915	390.666369915	0.124021087479		0.0	0.0
347&0		0.131373882294	0.131986094483	45.7991747856	391.799174786	0.126082882294		0.0	0.0
348&0		0.133060932159	0.131993286911	45.9336638451	392.933663845	0.128034932159		0.0	0.0
349&0		0.127696037292	0.131985100088	46.0627999306	394.062799931	0.122668037292		0.0	0.0
350&0		0.130115032196	0.131983851024	46.1943478584	395.194347858	0.125201032196		0.0	0.0
351&0		0.128497838974	0.131977666138	46.3241608143	396.324160814	0.123703838974		0.0	0.0
352&0		0.125014066696	0.131961888888	46.4505848885	397.450584888	0.119970066696		0.0	0.0
353&0		0.128418922424	0.13195587758	46.5804247856	398.580424786	0.123319922424		0.0	0.0
354&0		0.12678694725	0.131945329871	46.7086467743	399.708646774	0.12152294725		0.0	0.0
355&0		0.126524925232	0.131934084019	46.8365998268	400.836599827	0.121456925232		0.0	0.0
356&0		0.131856918335	0.131938083788	46.9699578285	401.969957829	0.126704918335		0.0	0.0
357&0		0.125538110733	0.131924167735	47.0969278812	403.096927881	0.120561110733		0.0	0.0
358&0		0.131432056427	0.131926745676	47.2297749519	404.229774952	0.126324056427		0.0	0.0
359&0		0.131406068802	0.131929286675	47.3626139164	405.362613916	0.126270068802		0.0	0.0
360&0		0.131469011307	0.131931913561	47.4954888821	406.495488882	0.126477011307		0.0	0.0
361&0		0.12713599205	0.131922556753	47.6240429878	407.624042988	0.12216999205		0.0	0.0

Total-Times:362	Loss-Times:0	Recent 10 times loss possiblity: 0.0	Total Hex File Loss Per: 0