Times(S&L)	Runnig-Time	Average-Time	Total-Time	Total-ExeTime	Msg-trans-Time		LP	TLP
1&0		0.116465091705	0.117398023605	0.117398023605	0.117398023605	0.112704091705		0.0	0.0
2&0		0.142335176468	0.130575060844	0.261150121689	1.26115012169	0.139297176468		0.0	0.0
3&0		0.120394945145	0.127609014511	0.382827043533	2.38282704353	0.117439945145		0.0	0.0
4&0		0.12527012825	0.127372026443	0.509488105774	3.50948810577	0.12195712825		0.0	0.0
5&0		0.153732061386	0.132909202576	0.664546012878	4.66454601288	0.148654061386		0.0	0.0
6&0		0.173930883408	0.140020489693	0.840122938156	5.84012293816	0.170814883408		0.0	0.0
7&0		0.192549943924	0.147724015372	1.0340681076	7.0340681076	0.189542943924		0.0	0.0
8&0		0.119026184082	0.14431989193	1.15455913544	8.15455913544	0.115943184082		0.0	0.0
9&0		0.123435974121	0.142143885295	1.27929496765	9.27929496765	0.120371974121		0.0	0.0
10&0		0.154981136322	0.143566012383	1.43566012383	10.4356601238	0.151899136322		0.0	0.0
11&0		0.115453004837	0.14113610441	1.55249714851	11.5524971485	0.112607004837		0.0	0.0
12&0		0.11674785614	0.139219661554	1.67063593864	12.6706359386	0.11393585614		0.0	0.0
13&0		0.133123159409	0.138869468982	1.80530309677	13.8053030968	0.130259159409		0.0	0.0
14&0		0.118531942368	0.137515221323	1.92521309853	14.9252130985	0.115416942368		0.0	0.0
15&0		0.12953209877	0.137073008219	2.05609512329	16.0560951233	0.12654809877		0.0	0.0
16&0		0.156701087952	0.138382509351	2.21412014961	17.2141201496	0.153428087952		0.0	0.0
17&0		0.140328168869	0.138585006489	2.35594511032	18.3559451103	0.137337168869		0.0	0.0
18&0		0.120187997818	0.137641840511	2.4775531292	19.4775531292	0.117178997818		0.0	0.0
19&0		0.118586778641	0.136717470069	2.5976319313	20.5976319313	0.115710778641		0.0	0.0
20&0		0.191833019257	0.139538753033	2.79077506065	21.7907750607	0.186517019257		0.0	0.0
21&0		0.117202043533	0.138553766977	2.90962910652	22.9096291065	0.114180043533		0.0	0.0
22&0		0.118975162506	0.137724778869	3.02994513512	24.0299451351	0.116027162506		0.0	0.0
23&0		0.165827035904	0.139003048772	3.19707012177	25.1970701218	0.160626035904		0.0	0.0
24&0		0.124672889709	0.138471206029	3.3233089447	26.3233089447	0.121801889709		0.0	0.0
25&0		0.117027044296	0.137672805786	3.44182014465	27.4418201447	0.114106044296		0.0	0.0
26&0		0.133785009384	0.137572921239	3.57689595222	28.5768959522	0.130742009384		0.0	0.0
27&0		0.121556997299	0.137033294748	3.69989895821	29.6998989582	0.116531997299		0.0	0.0
28&0		0.148996114731	0.137512147427	3.85034012794	30.8503401279	0.145890114731		0.0	0.0
29&0		0.121760129929	0.137019864444	3.97357606888	31.9735760689	0.118671129929		0.0	0.0
30&0		0.145479917526	0.137347332637	4.1204199791	33.1204199791	0.141832917526		0.0	0.0
31&0		0.127104043961	0.137059065603	4.24883103371	34.2488310337	0.124089043961		0.0	0.0
32&0		0.13624215126	0.137083284557	4.38666510582	35.3866651058	0.13323315126		0.0	0.0
33&0		0.166142940521	0.13801057411	4.55434894562	36.5543489456	0.163084940521		0.0	0.0
34&0		0.171558141708	0.139036445057	4.72723913193	37.7272391319	0.168339141708		0.0	0.0
35&0		0.234521865845	0.141802569798	4.96308994293	38.9630899429	0.229592865845		0.0	0.0
36&0		0.135088920593	0.141661498282	5.09981393814	40.0998139381	0.129345920593		0.0	0.0
37&0		0.141592979431	0.141706002725	5.24312210083	41.2431221008	0.138404979431		0.0	0.0
38&0		0.116875886917	0.141086578369	5.36128997803	42.361289978	0.113970886917		0.0	0.0
39&0		0.148725032806	0.14131582089	5.51131701469	43.5113170147	0.145697032806		0.0	0.0
40&0		0.143123865128	0.141394025087	5.65576100349	44.6557610035	0.140077865128		0.0	0.0
41&0		0.138983011246	0.141366830686	5.79604005814	45.7960400581	0.135883011246		0.0	0.0
42&0		0.131221055984	0.14115571408	5.92853999138	46.9285399914	0.128281055984		0.0	0.0
43&0		0.123511075974	0.140776512235	6.05339002609	48.0533900261	0.120333075974		0.0	0.0
44&0		0.142189979553	0.140838362954	6.19688796997	49.19688797	0.138601979553		0.0	0.0
45&0		0.193005084991	0.142026668125	6.39120006561	50.3912000656	0.189954084991		0.0	0.0
46&0		0.411903858185	0.147923391798	6.80447602272	51.8044760227	0.408851858185		0.0	0.0
47&0		0.138206958771	0.14774606583	6.94406509399	52.944065094	0.135219958771		0.0	0.0
48&0		0.427181005478	0.153594687581	7.37254500389	54.3725450039	0.421754005478		0.0	0.0
49&0		0.142026901245	0.153387653584	7.51599502563	55.5159950256	0.138693901245		0.0	0.0
50&0		0.177141189575	0.153892502785	7.69462513924	56.6946251392	0.174074189575		0.0	0.0
51&0		0.157621145248	0.153991100835	7.85354614258	57.8535461426	0.154653145248		0.0	0.0
52&0		0.122656106949	0.15341509764	7.97758507729	58.9775850773	0.119680106949		0.0	0.0
53&0		0.160178899765	0.1535674536	8.13907504082	60.1390750408	0.156859899765		0.0	0.0
54&0		0.162398815155	0.153761166113	8.30310297012	61.3031029701	0.159086815155		0.0	0.0
55&0		0.118361949921	0.153141000054	8.42275500298	62.422755003	0.115428949921		0.0	0.0
56&0		0.124835014343	0.152658998966	8.54890394211	63.5489039421	0.121727014343		0.0	0.0
57&0		0.125990867615	0.15221852587	8.67645597458	64.6764559746	0.123120867615		0.0	0.0
58&0		0.13990688324	0.15202918957	8.81769299507	65.8176929951	0.13696588324		0.0	0.0
59&0		0.124289989471	0.151580883285	8.9432721138	66.9432721138	0.119577989471		0.0	0.0
60&0		0.138036966324	0.151380534967	9.08283209801	68.082832098	0.134755966324		0.0	0.0
61&0		0.119109869003	0.150875279161	9.20339202881	69.2033920288	0.115917869003		0.0	0.0
62&0		0.133203029633	0.150613146444	9.3380150795	70.3380150795	0.130040029633		0.0	0.0
63&0		0.118829011917	0.150130097828	9.45819616318	71.4581961632	0.115841011917		0.0	0.0
64&0		0.336691141129	0.153060626239	9.79588007927	72.7958800793	0.333678141129		0.0	0.0
65&0		0.190230846405	0.153652246182	9.98739600182	73.9873960018	0.184965846405		0.0	0.0
66&0		0.119010925293	0.153148741433	10.1078169346	75.1078169346	0.115341925293		0.0	0.0
67&0		0.134186983109	0.152886298165	10.2433819771	76.2433819771	0.130827983109		0.0	0.0
68&0		0.123553037643	0.152474235086	10.3682479858	77.3682479858	0.120650037643		0.0	0.0
69&0		0.122601032257	0.152059928231	10.4921350479	78.4921350479	0.119572032257		0.0	0.0
70&0		0.11786699295	0.151589856829	10.611289978	79.611289978	0.11503299295		0.0	0.0
71&0		0.116806983948	0.151118872871	10.7294399738	80.7294399738	0.113587983948		0.0	0.0
72&0		0.115792989731	0.150646222962	10.8465280533	81.8465280533	0.112867989731		0.0	0.0
73&0		0.23717713356	0.151850344384	11.08507514	83.08507514	0.23395113356		0.0	0.0
74&0		0.117946147919	0.151414420154	11.2046670914	84.2046670914	0.114775147919		0.0	0.0
75&0		0.149801969528	0.151410226822	11.3557670116	85.3557670116	0.144519969528		0.0	0.0
76&0		0.130764007568	0.151158922597	11.4880781174	86.4880781174	0.127747007568		0.0	0.0
77&0		0.162884950638	0.151328715411	11.6523110867	87.6523110867	0.159923950638		0.0	0.0
78&0		0.115196943283	0.150883460656	11.7689099312	88.7689099312	0.112480943283		0.0	0.0
79&0		0.12136387825	0.150527024571	11.8916349411	89.8916349411	0.11843787825		0.0	0.0
80&0		0.164823055267	0.150724437833	12.0579550266	91.0579550266	0.161955055267		0.0	0.0
81&0		0.119494915009	0.150355704037	12.178812027	92.178812027	0.114791915009		0.0	0.0
82&0		0.115006923676	0.149943171478	12.2953400612	93.2953400612	0.112215923676		0.0	0.0
83&0		0.122335195541	0.149626194713	12.4189741611	94.4189741611	0.119433195541		0.0	0.0
84&0		0.159234046936	0.149757703145	12.5796470642	95.5796470642	0.156223046936		0.0	0.0
85&0		0.122405052185	0.149451578365	12.703384161	96.703384161	0.119495052185		0.0	0.0
86&0		0.139155864716	0.149347732233	12.8439049721	97.8439049721	0.136325864716		0.0	0.0
87&0		0.175966024399	0.14966873739	13.0211801529	99.0211801529	0.172762024399		0.0	0.0
88&0		0.137131929398	0.149541090835	13.1596159935	100.159615993	0.133400929398		0.0	0.0
89&0		0.132997989655	0.14936982112	13.2939140797	101.29391408	0.130036989655		0.0	0.0
90&0		0.123198032379	0.149093423949	13.4184081554	102.418408155	0.120387032379		0.0	0.0
91&0		0.125355005264	0.148849010468	13.5452599525	103.545259953	0.122210005264		0.0	0.0
92&0		0.148566961288	0.14886024983	13.6951429844	104.695142984	0.143320961288		0.0	0.0
93&0		0.121977090836	0.148587560141	13.8186430931	105.818643093	0.117129090836		0.0	0.0
94&0		0.119598865509	0.14829608481	13.9398319721	106.939831972	0.116548865509		0.0	0.0
95&0		0.115368127823	0.147963947999	14.0565750599	108.05657506	0.112397127823		0.0	0.0
96&0		0.125259876251	0.147742030521	14.18323493	109.18323493	0.121940876251		0.0	0.0
97&0		0.127524852753	0.147547896375	14.3121459484	110.312145948	0.124639852753		0.0	0.0
98&0		0.125163078308	0.147332551528	14.4385900497	111.43859005	0.122166078308		0.0	0.0
99&0		0.116822957993	0.14703955554	14.5569159985	112.556915998	0.113724957993		0.0	0.0
100&0		0.124416828156	0.146826319695	14.6826319695	113.682631969	0.121552828156		0.0	0.0
101&0		0.117238998413	0.146546415763	14.8011879921	114.801187992	0.114401998413		0.0	0.0
102&0		0.12621307373	0.146360696531	14.9287910461	115.928791046	0.12149407373		0.0	0.0
103&0		0.130043029785	0.146218360049	15.0604910851	117.060491085	0.125167029785		0.0	0.0
104&0		0.120036125183	0.145980289349	15.1819500923	118.181950092	0.117226125183		0.0	0.0
105&0		0.120981931686	0.145755018507	15.3042769432	119.304276943	0.118198931686		0.0	0.0
106&0		0.124773979187	0.145569754097	15.4303939342	120.430393934	0.121558979187		0.0	0.0
107&0		0.120908021927	0.145351514638	15.5526120663	121.552612066	0.117997021927		0.0	0.0
108&0		0.12459397316	0.145171240524	15.6784939766	122.678493977	0.12155797316		0.0	0.0
109&0		0.13512802124	0.14509229485	15.8150601387	123.815060139	0.13197902124		0.0	0.0
110&0		0.125259160995	0.144924100963	15.9416511059	124.941651106	0.122255160995		0.0	0.0
111&0		0.119655132294	0.144708027711	16.0625910759	126.062591076	0.116789132294		0.0	0.0
112&0		0.128950834274	0.1445789103	16.1928379536	127.192837954	0.126036834274		0.0	0.0
113&0		0.134567022324	0.144501947724	16.3287200928	128.328720093	0.130070022324		0.0	0.0
114&0		0.123378992081	0.144328974841	16.4535031319	129.453503132	0.120301992081		0.0	0.0
115&0		0.120219945908	0.144130930693	16.5750570297	130.57505703	0.117202945908		0.0	0.0
116&0		0.137323856354	0.144083421806	16.7136769295	131.713676929	0.132482856354		0.0	0.0
117&0		0.150442123413	0.144149855671	16.8655331135	132.865533113	0.147471123413		0.0	0.0
118&0		0.125926017761	0.144006272494	16.9927401543	133.992740154	0.123039017761		0.0	0.0
119&0		0.119987010956	0.143816689483	17.1141860485	135.114186049	0.117074010956		0.0	0.0
120&0		0.124691009521	0.143668049574	17.2401659489	136.240165949	0.121716009521		0.0	0.0
121&0		0.123607873917	0.143513033213	17.3650770187	137.365077019	0.118967873917		0.0	0.0
122&0		0.118104934692	0.143317212824	17.4846999645	138.484699965	0.115211934692		0.0	0.0
123&0		0.124782085419	0.143178024912	17.6108970642	139.610897064	0.121744085419		0.0	0.0
124&0		0.133759975433	0.143112217226	17.7459149361	140.745914936	0.130837975433		0.0	0.0
125&0		0.123505115509	0.142965776443	17.8707220554	141.870722055	0.120304115509		0.0	0.0
126&0		0.117588043213	0.142775571536	17.9897220135	142.989722013	0.113459043213		0.0	0.0
127&0		0.125638961792	0.142651464057	18.1167359352	144.116735935	0.121538961792		0.0	0.0
128&0		0.141569137573	0.142653329298	18.2596261501	145.25962615	0.138046137573		0.0	0.0
129&0		0.11830997467	0.142475551413	18.3793461323	146.379346132	0.11480297467		0.0	0.0
130&0		0.154325008392	0.142577285033	18.5350470543	147.535047054	0.150841008392		0.0	0.0
131&0		0.123453855515	0.142441946132	18.6598949432	148.659894943	0.120050855515		0.0	0.0
132&0		0.134238004684	0.142390099439	18.7954931259	149.795493126	0.128621004684		0.0	0.0
133&0		0.149863004684	0.142456594266	18.9467270374	150.946727037	0.146696004684		0.0	0.0
134&0		0.133765935898	0.142401291363	19.0817730427	152.081773043	0.130607935898		0.0	0.0
135&0		0.122345924377	0.142262192126	19.205395937	153.205395937	0.118208924377		0.0	0.0
136&0		0.123764038086	0.142136670211	19.3305871487	154.330587149	0.120373038086		0.0	0.0
137&0		0.124194145203	0.142015234397	19.4560871124	155.456087112	0.120765145203		0.0	0.0

Total-Times:137	Loss-Times:0	Recent 10 times loss possiblity: 0.0	Total Hex File Loss number: 0
