Times(S&L)	Runnig-Time	Average-Time	Total-Time	Total-ExeTime	Msg-trans-Time		LP	TLP
1&0		0.150714874268	0.151171922684	0.151171922684	0.151171922684	0.146676874268		0.0	0.0
2&0		0.122112035751	0.137337446213	0.274674892426	1.27467489243	0.118834035751		0.0	0.0
3&0		0.123630046844	0.133193969727	0.39958190918	2.39958190918	0.120652046844		0.0	0.0
4&0		0.122016906738	0.130717992783	0.52287197113	3.52287197113	0.118977906738		0.0	0.0
5&0		0.121683835983	0.129169178009	0.645845890045	4.64584589005	0.118723835983		0.0	0.0
6&0		0.116925954819	0.127356330554	0.764137983322	5.76413798332	0.114020954819		0.0	0.0
7&0		1.16417193413	0.275652851377	1.92956995964	7.92956995964	1.16117493413		0.0	0.0
8&0		0.12802195549	0.257361114025	2.0588889122	9.0588889122	0.12311295549		0.0	0.0
9&0		0.12590098381	0.242910544078	2.1861948967	10.1861948967	0.12032798381		0.0	0.0
10&0		0.120716094971	0.230837607384	2.30837607384	11.3083760738	0.117384094971		0.0	0.0
11&0		0.121187210083	0.220986734737	2.43085408211	12.4308540821	0.118149210083		0.0	0.0
12&0		0.132963895798	0.213757912318	2.56509494781	13.5650949478	0.129708895798		0.0	0.0
13&0		0.119513034821	0.206608845637	2.68591499329	14.6859149933	0.114564034821		0.0	0.0
14&0		1.11593604088	0.271667718887	3.80334806442	16.8033480644	1.11248004088		0.0	0.0
15&0		0.119876146317	0.261635335286	3.9245300293	17.9245300293	0.116951146317		0.0	0.0
16&0		0.131675958633	0.253593936563	4.057502985	19.057502985	0.128693958633		0.0	0.0
17&0		0.132145881653	0.246526760214	4.19095492363	20.1909549236	0.128815881653		0.0	0.0
18&0		0.116852998734	0.239395048883	4.3091108799	21.3091108799	0.114010998734		0.0	0.0
19&0		0.133345127106	0.233882000572	4.44375801086	22.4437580109	0.130006127106		0.0	0.0
20&0		0.118272781372	0.2281691432	4.563382864	23.563382864	0.115144781372		0.0	0.0
21&0		0.119699954987	0.223065285456	4.68437099457	24.6843709946	0.116839954987		0.0	0.0
22&0		0.139818191528	0.219339685007	4.82547307014	25.8254730701	0.136787191528		0.0	0.0
23&0		0.128726959229	0.215429523717	4.95487904549	26.9548790455	0.123752959229		0.0	0.0
24&0		0.127349853516	0.21181978782	5.08367490768	28.0836749077	0.124205853516		0.0	0.0
25&0		0.130253076553	0.208609237671	5.21523094177	29.2152309418	0.127158076553		0.0	0.0
26&0		0.129266023636	0.205607964442	5.3458070755	30.3458070755	0.126397023636		0.0	0.0
27&0		0.126419067383	0.202726443609	5.47361397743	31.4736139774	0.122465067383		0.0	0.0
28&0		0.120161056519	0.199824895178	5.59509706497	32.595097065	0.117169056519		0.0	0.0
29&0		0.132647037506	0.197553757964	5.72905898094	33.7290589809	0.129690037506		0.0	0.0
30&0		0.134948968887	0.195510268211	5.86530804634	34.8653080463	0.132013968887		0.0	0.0
31&0		0.12184715271	0.193175485057	5.98844003677	35.9884400368	0.11901815271		0.0	0.0
32&0		0.137887001038	0.191488310695	6.12762594223	37.1276259422	0.134744001038		0.0	0.0
33&0		0.146420001984	0.190161972335	6.27534508705	38.2753450871	0.141563001984		0.0	0.0
34&0		0.132832050323	0.18851767568	6.40960097313	39.4096009731	0.128093050323		0.0	0.0
35&0		0.127522945404	0.186815486635	6.53854203224	40.5385420322	0.122420945404		0.0	0.0
36&0		0.118387937546	0.184954583645	6.65836501122	41.6583650112	0.115300937546		0.0	0.0
37&0		0.126989841461	0.183422726554	6.78664088249	42.7866408825	0.124102841461		0.0	0.0
38&0		0.127419948578	0.181984129705	6.91539692879	43.9153969288	0.124440948578		0.0	0.0
39&0		0.123440980911	0.180516230754	7.04013299942	45.0401329994	0.120481980911		0.0	0.0
40&0		0.122669935226	0.179102247953	7.16408991814	46.1640899181	0.119269935226		0.0	0.0
41&0		0.135737895966	0.17806714337	7.30075287819	47.3007528782	0.132289895966		0.0	0.0
42&0		0.145023107529	0.177311499914	7.44708299637	48.4470829964	0.141824107529		0.0	0.0
43&0		0.13090801239	0.176262533942	7.5792889595	49.5792889595	0.12761501239		0.0	0.0
44&0		0.134495973587	0.175342451442	7.71506786346	50.7150678635	0.131476973587		0.0	0.0
45&0		0.135548114777	0.174486467573	7.8518910408	51.8518910408	0.132393114777		0.0	0.0
46&0		0.140650987625	0.173779326936	7.99384903908	52.9938490391	0.135779987625		0.0	0.0
47&0		0.148899078369	0.173280127505	8.14416599274	54.1441659927	0.143625078369		0.0	0.0
48&0		0.158262968063	0.173001915216	8.30409193039	55.3040919304	0.154626968063		0.0	0.0
49&0		0.135615110397	0.172265062527	8.44098806381	56.4409880638	0.132160110397		0.0	0.0
50&0		0.135593891144	0.171558237076	8.57791185379	57.5779118538	0.132279891144		0.0	0.0
51&0		0.140128135681	0.17096768641	8.71935200691	58.7193520069	0.137091135681		0.0	0.0
52&0		0.153261184692	0.17065255917	8.87393307686	59.8739330769	0.148611184692		0.0	0.0
53&0		0.132209062576	0.169953602665	9.00754094124	61.0075409412	0.127444062576		0.0	0.0
54&0		0.118115901947	0.169019849212	9.12707185745	62.1270718575	0.115052901947		0.0	0.0
55&0		0.136801958084	0.168457815864	9.26517987251	63.2651798725	0.133699958084		0.0	0.0
56&0		0.117321968079	0.167568104608	9.38381385803	64.383813858	0.114443968079		0.0	0.0
57&0		0.122138977051	0.166793664296	9.5072388649	65.5072388649	0.118885977051		0.0	0.0
58&0		0.122828960419	0.166058860976	9.63141393661	66.6314139366	0.118015960419		0.0	0.0
59&0		0.131314992905	0.16549405001	9.76414895058	67.7641489506	0.126521992905		0.0	0.0
60&0		0.12065410614	0.16477038463	9.88622307777	68.8862230778	0.11570210614		0.0	0.0
61&0		0.121307849884	0.164081358519	10.0089628696	70.0089628696	0.116576849884		0.0	0.0
62&0		0.123970985413	0.163457239828	10.1343488693	71.1343488693	0.120637985413		0.0	0.0
63&0		0.122462034225	0.162828381099	10.2581880093	72.2581880093	0.119155034225		0.0	0.0
64&0		0.118435144424	0.162155266851	10.3779370785	73.3779370785	0.113687144424		0.0	0.0
65&0		0.115088939667	0.16145322873	10.4944598675	74.4944598675	0.111989939667		0.0	0.0
66&0		0.379890918732	0.164782831163	10.8756668568	75.8756668568	0.375077918732		0.0	0.0
67&0		0.11990404129	0.164134150121	10.9969880581	76.9969880581	0.11683404129		0.0	0.0
68&0		0.118537902832	0.163482865866	11.1168348789	78.1168348789	0.115541902832		0.0	0.0
69&0		0.118609905243	0.162851447644	11.2367498875	79.2367498875	0.115402905243		0.0	0.0
70&0		0.134186029434	0.162460814204	11.3722569942	80.3722569942	0.129425029434		0.0	0.0
71&0		0.118438959122	0.161860422349	11.4920899868	81.4920899868	0.115006959122		0.0	0.0
72&0		0.120543956757	0.16130445732	11.613920927	82.613920927	0.117627956757		0.0	0.0
73&0		0.228905200958	0.162248275051	11.8441240788	83.8441240788	0.225987200958		0.0	0.0
74&0		0.119549036026	0.161688472774	11.9649469852	84.9649469852	0.114897036026		0.0	0.0
75&0		0.117645025253	0.161120014191	12.0840010643	86.0840010643	0.112830025253		0.0	0.0
76&0		0.126285791397	0.160680287763	12.21170187	87.21170187	0.120901791397		0.0	0.0
77&0		0.118860006332	0.16015576697	12.3319940567	88.3319940567	0.115781006332		0.0	0.0
78&0		0.132417917252	0.159816448505	12.4656829834	89.4656829834	0.128839917252		0.0	0.0
79&0		0.117889881134	0.159291593334	12.5840358734	90.5840358734	0.114424881134		0.0	0.0
80&0		0.117058038712	0.158780226111	12.7024180889	91.7024180889	0.113787038712		0.0	0.0
81&0		0.125751972198	0.158388393897	12.8294599056	92.8294599056	0.121029972198		0.0	0.0
82&0		0.12165594101	0.157957754484	12.9525358677	93.9525358677	0.11689794101		0.0	0.0
83&0		0.125086069107	0.157579108893	13.0790660381	95.0790660381	0.120093069107		0.0	0.0
84&0		0.123986005783	0.157196308885	13.2044899464	96.2044899464	0.118846005783		0.0	0.0
85&0		0.130568981171	0.156899951486	13.3364958763	97.3364958763	0.127315981171		0.0	0.0
86&0		0.117513179779	0.156457280004	13.4553260803	98.4553260803	0.114277179779		0.0	0.0
87&0		0.121975898743	0.156070528359	13.5781359673	99.5781359673	0.118510898743		0.0	0.0
88&0		0.115058898926	0.155619214882	13.6944909096	100.69449091	0.112172898926		0.0	0.0
89&0		0.121486902237	0.155250268036	13.8172738552	101.817273855	0.118539902237		0.0	0.0
90&0		0.118487119675	0.154856234127	13.9370610714	102.937061071	0.115055119675		0.0	0.0
91&0		0.128968954086	0.154586131756	14.0673379898	104.06733799	0.123943954086		0.0	0.0
92&0		0.118261098862	0.154206750186	14.1870210171	105.187021017	0.114452098862		0.0	0.0
93&0		0.120520114899	0.153858495015	14.3088400364	106.308840036	0.117414114899		0.0	0.0
94&0		0.122909069061	0.15354372339	14.4331099987	107.433109999	0.119737069061		0.0	0.0
95&0		0.128169059753	0.153290158824	14.5625650883	108.562565088	0.124994059753		0.0	0.0
96&0		0.116154909134	0.15291660279	14.6799938679	109.679993868	0.113196909134		0.0	0.0
97&0		0.119604110718	0.152586546141	14.8008949757	110.800894976	0.116669110718		0.0	0.0
98&0		0.122446060181	0.152291816108	14.9245979786	111.924597979	0.119478060181		0.0	0.0
99&0		0.117442131042	0.151953080688	15.0433549881	113.043354988	0.112822131042		0.0	0.0
100&0		0.125504970551	0.15170222044	15.170222044	114.170222044	0.122129970551		0.0	0.0
101&0		0.128447771072	0.151486543146	15.3001408577	115.300140858	0.124993771072		0.0	0.0
102&0		0.117547035217	0.151166637739	15.4189970493	116.418997049	0.114600035217		0.0	0.0
103&0		0.117369890213	0.15085106683	15.5376598835	117.537659883	0.114091890213		0.0	0.0
104&0		0.138325929642	0.150743278173	15.67730093	118.67730093	0.135157929642		0.0	0.0
105&0		0.135987043381	0.150615151723	15.8145909309	119.814590931	0.131184043381		0.0	0.0
106&0		0.147739887238	0.150601027147	15.9637088776	120.963708878	0.144674887238		0.0	0.0
107&0		0.126142024994	0.150384775946	16.0911710262	122.091171026	0.121408024994		0.0	0.0
108&0		0.166678905487	0.150548998956	16.2592918873	123.259291887	0.162854905487		0.0	0.0
109&0		0.126097917557	0.150336549916	16.3866839409	124.386683941	0.123185917557		0.0	0.0
110&0		0.125215053558	0.150120017745	16.513201952	125.513201952	0.122062053558		0.0	0.0
111&0		0.132322072983	0.149971603273	16.6468479633	126.646847963	0.127521072983		0.0	0.0
112&0		0.134104013443	0.149842436825	16.7823529243	127.782352924	0.131111013443		0.0	0.0
113&0		0.145215988159	0.149813052827	16.9288749695	128.928874969	0.140336988159		0.0	0.0
114&0		0.12376999855	0.149597209797	17.0540819168	130.054081917	0.11863299855		0.0	0.0
115&0		0.131253004074	0.149449539185	17.1866970062	131.186697006	0.127828004074		0.0	0.0
116&0		0.121509075165	0.149219654757	17.3094799519	132.309479952	0.118412075165		0.0	0.0
117&0		0.139410972595	0.149146948105	17.4501929283	133.450192928	0.134352972595		0.0	0.0
118&0		0.124760150909	0.148952593238	17.576406002	134.576406002	0.121169150909		0.0	0.0
119&0		1.14719510078	0.157352066841	18.7248959541	136.724895954	1.14413410078		0.0	0.0
120&0		0.116638183594	0.157023433844	18.8428120613	137.842812061	0.113784183594		0.0	0.0
121&0		0.170076131821	0.157141933756	19.0141739845	139.014173985	0.167076131821		0.0	0.0
122&0		0.160700798035	0.157181679225	19.1761648655	140.176164865	0.157444798035		0.0	0.0
123&0		0.134166955948	0.157005186003	19.3116378784	141.311637878	0.129583955948		0.0	0.0
124&0		0.148649930954	0.15694915287	19.4616949558	142.461694956	0.143263930954		0.0	0.0
125&0		0.128736972809	0.156735078812	19.5918848515	143.591884851	0.125648972809		0.0	0.0
126&0		0.135101079941	0.156573499952	19.728260994	144.728260994	0.132167079941		0.0	0.0
127&0		0.126960992813	0.156350518775	19.8565158844	145.856515884	0.123974992813		0.0	0.0
128&0		0.136559009552	0.156206039712	19.9943730831	146.994373083	0.132006009552		0.0	0.0
129&0		0.127801895142	0.155996945477	20.1236059666	148.123605967	0.122701895142		0.0	0.0
130&0		0.126065015793	0.155777406693	20.25106287	149.25106287	0.123012015793		0.0	0.0
131&0		0.119533061981	0.155510511107	20.371876955	150.371876955	0.116680061981		0.0	0.0
132&0		0.182565927505	0.155725150397	20.5557198524	151.555719852	0.179425927505		0.0	0.0
133&0		0.133699893951	0.155569081916	20.6906878948	152.690687895	0.130681893951		0.0	0.0
134&0		0.23653793335	0.156182842468	20.9285008907	153.928500891	0.23177593335		0.0	0.0
135&0		0.141684055328	0.156086377744	21.0716609955	155.071660995	0.136931055328		0.0	0.0
136&0		0.155911922455	0.156095455675	21.2289819717	156.228981972	0.152707922455		0.0	0.0
137&0		0.148150920868	0.156046896955	21.3784248829	157.378424883	0.144924920868		0.0	0.0
138&0		0.118417978287	0.155783535778	21.4981279373	158.498127937	0.115325978287		0.0	0.0
139&0		0.128724098206	0.155597122453	21.628000021	159.628000021	0.125607098206		0.0	0.0
140&0		0.127772808075	0.155407634803	21.7570688725	160.757068872	0.124732808075		0.0	0.0
141&0		0.146519899368	0.155354361162	21.9049649239	161.904964924	0.143410899368		0.0	0.0
142&0		0.137921094894	0.155240718748	22.0441820621	163.044182062	0.133231094894		0.0	0.0
143&0		0.147221088409	0.155194622653	22.1928310394	164.192831039	0.141906088409		0.0	0.0
144&0		0.129390001297	0.155025187466	22.3236269951	165.323626995	0.126513001297		0.0	0.0
145&0		0.11855506897	0.15478291676	22.4435229301	166.44352293	0.11529006897		0.0	0.0
146&0		0.124194145203	0.154582150995	22.5689940453	167.568994045	0.121051145203		0.0	0.0
147&0		0.115292072296	0.154323598965	22.6855690479	168.685569048	0.112337072296		0.0	0.0
148&0		0.128587961197	0.154158506844	22.815459013	169.815459013	0.123778961197		0.0	0.0
149&0		0.133435964584	0.154028697302	22.950275898	170.950275898	0.130469964584		0.0	0.0
150&0		0.140119075775	0.153944652875	23.0916979313	172.091697931	0.135095075775		0.0	0.0
151&0		0.151846170425	0.153940099754	23.2449550629	173.244955063	0.146937170425		0.0	0.0
152&0		0.140508890152	0.153860992507	23.3868708611	174.386870861	0.137543890152		0.0	0.0
153&0		0.132001876831	0.153726502961	23.520154953	175.520154953	0.128807876831		0.0	0.0
154&0		0.171772003174	0.153852136104	23.69322896	176.69322896	0.168818003174		0.0	0.0
155&0		0.142162799835	0.153784973391	23.8366708755	177.836670876	0.139236799835		0.0	0.0
156&0		0.128797054291	0.153633160469	23.9667730331	178.966773033	0.123967054291		0.0	0.0
157&0		0.138762950897	0.153547464662	24.106951952	180.106951952	0.133763950897		0.0	0.0
158&0		0.14531993866	0.153504315811	24.2536818981	181.253681898	0.14194893866		0.0	0.0
159&0		0.15495800972	0.15352150929	24.4099199772	182.409919977	0.15198200972		0.0	0.0
160&0		0.143110990524	0.153464643657	24.5543429852	183.554342985	0.138166990524		0.0	0.0
161&0		0.153396129608	0.153472993685	24.7091519833	184.709151983	0.150384129608		0.0	0.0
162&0		0.123890161514	0.153298333839	24.8343300819	185.834330082	0.120986161514		0.0	0.0
163&0		0.142132043839	0.153237680716	24.9777419567	186.977741957	0.137211043839		0.0	0.0
164&0		0.128712892532	0.153096694772	25.1078579426	188.107857943	0.123802892532		0.0	0.0
165&0		0.126317024231	0.152942721049	25.2355489731	189.235548973	0.123020024231		0.0	0.0
166&0		0.126842021942	0.152793885714	25.3637850285	190.363785028	0.122246021942		0.0	0.0
167&0		0.174433946609	0.152932005728	25.5396449566	191.539644957	0.168975946609		0.0	0.0
168&0		0.1235268116	0.152765475568	25.6645998955	192.664599895	0.1200228116		0.0	0.0
169&0		0.116823911667	0.152560396307	25.7827069759	193.782706976	0.113901911667		0.0	0.0
170&0		0.1205098629	0.152379546446	25.9045228958	194.904522896	0.1157038629		0.0	0.0
171&0		0.702656030655	0.155605801365	26.6085920334	196.608592033	0.699026030655		0.0	0.0
172&0		0.118227958679	0.155395981877	26.7281088829	197.728108883	0.115255958679		0.0	0.0
173&0		0.14483499527	0.15534236941	26.874229908	198.874229908	0.14027599527		0.0	0.0
174&0		0.11830496788	0.155137482731	26.9939219952	199.993921995	0.11537296788		0.0	0.0
175&0		0.114567995071	0.154912982668	27.1097719669	201.109771967	0.111609995071		0.0	0.0
176&0		0.123062849045	0.154739346017	27.2341248989	202.234124899	0.117911849045		0.0	0.0
177&0		0.121703863144	0.154560716812	27.3572468758	203.357246876	0.116844863144		0.0	0.0
178&0		0.121147871017	0.154380942998	27.4798078537	204.479807854	0.115827871017		0.0	0.0
179&0		0.126142024994	0.154231078132	27.6073629856	205.607362986	0.123115024994		0.0	0.0
180&0		0.117985010147	0.154036899408	27.7266418934	206.726641893	0.114912010147		0.0	0.0
181&0		0.122039079666	0.153867480505	27.8500139713	207.850013971	0.117317079666		0.0	0.0
182&0		0.119218111038	0.153684884637	27.970649004	208.970649004	0.114472111038		0.0	0.0
183&0		0.123654127121	0.153528420652	28.0957009792	210.095700979	0.118964127121		0.0	0.0
184&0		0.12540602684	0.153384086878	28.2226719856	211.222671986	0.12028002684		0.0	0.0
185&0		0.119868993759	0.153210669595	28.343973875	212.343973875	0.116779993759		0.0	0.0
186&0		0.119709014893	0.153037371174	28.4649510384	213.464951038	0.116216014893		0.0	0.0
187&0		0.121804952621	0.152876903667	28.5879809856	214.587980986	0.116403952621		0.0	0.0
188&0		0.118821144104	0.15270323449	28.7082080841	215.708208084	0.113878144104		0.0	0.0
189&0		0.117717981339	0.152525496861	28.8273189068	216.827318907	0.114750981339		0.0	0.0
190&0		0.123616933823	0.152380315881	28.9522600174	217.952260017	0.120562933823		0.0	0.0
191&0		0.124298810959	0.152240240137	29.0778858662	219.077885866	0.119253810959		0.0	0.0
192&0		0.127710103989	0.152119713525	29.2069849968	220.206984997	0.124558103989		0.0	0.0
193&0		0.119813919067	0.151959046181	29.3280959129	221.328095913	0.116953919067		0.0	0.0
194&0		0.119812965393	0.151800128602	29.4492249489	222.449224949	0.114398965393		0.0	0.0
195&0		0.120196819305	0.151645517349	29.5708758831	223.570875883	0.116774819305		0.0	0.0
196&0		0.130737066269	0.151545382276	29.7028949261	224.702894926	0.127552066269		0.0	0.0
197&0		0.123373985291	0.151408949479	29.8275630474	225.827563047	0.120431985291		0.0	0.0
198&0		0.121366977692	0.151263752369	29.9502229691	226.950222969	0.118463977692		0.0	0.0
199&0		0.119215011597	0.151109080818	30.0707070827	228.070707083	0.116307011597		0.0	0.0
200&0		0.115947008133	0.150939639807	30.1879279613	229.187927961	0.112895008133		0.0	0.0
201&0		0.122943878174	0.150806725915	30.3121519089	230.312151909	0.118242878174		0.0	0.0
202&0		0.124647855759	0.150684192629	30.4382069111	231.438206911	0.121423855759		0.0	0.0
203&0		0.140873908997	0.150642546527	30.580436945	232.580436945	0.137618908997		0.0	0.0
204&0		0.120266199112	0.150499931737	30.7019860744	233.701986074	0.117262199112		0.0	0.0
205&0		0.119542121887	0.150355058763	30.8227870464	234.822787046	0.116578121887		0.0	0.0
206&0		0.128601074219	0.150255640734	30.9526619911	235.952661991	0.125753074219		0.0	0.0
207&0		0.116198062897	0.150097337898	31.0701489449	237.070148945	0.113283062897		0.0	0.0
208&0		0.117170095444	0.149945149055	31.1885910034	238.188591003	0.114126095444		0.0	0.0
209&0		0.124350070953	0.14982877964	31.3142149448	239.314214945	0.119691070953		0.0	0.0
210&0		0.124370098114	0.149714190619	31.4399800301	240.43998003	0.119270098114		0.0	0.0
211&0		0.13512802124	0.149651943225	31.5765600204	241.57656002	0.13160402124		0.0	0.0
212&0		0.119930028915	0.149517745342	31.6977620125	242.697762012	0.116830028915		0.0	0.0
213&0		0.120923995972	0.149389474045	31.8199579716	243.819957972	0.117942995972		0.0	0.0
214&0		0.12505698204	0.14928177584	31.9463000298	244.94630003	0.11998698204		0.0	0.0
215&0		0.126797914505	0.149183766786	32.0745098591	246.074509859	0.122047914505		0.0	0.0
216&0		0.128500938416	0.149094629067	32.2044398785	247.204439878	0.124976938416		0.0	0.0
217&0		0.120271921158	0.148967792362	32.3260109425	248.326010942	0.117368921158		0.0	0.0
218&0		0.127088069916	0.148873702102	32.4544670582	249.454467058	0.123648069916		0.0	0.0
219&0		0.133369922638	0.148808931107	32.5891559124	250.589155912	0.130281922638		0.0	0.0
220&0		0.119594097137	0.148681940816	32.7100269794	251.710026979	0.116553097137		0.0	0.0
221&0		0.12196803093	0.148566882535	32.8332810402	252.83328104	0.11911803093		0.0	0.0
222&0		0.138281106949	0.148526405429	32.9728620052	253.972862005	0.133756106949		0.0	0.0
223&0		0.133197069168	0.148464013643	33.1074750423	255.107475042	0.128203069168		0.0	0.0
224&0		0.488458156586	0.149988223399	33.5973620415	256.597362041	0.485008156586		0.0	0.0
225&0		0.141914129257	0.14995815595	33.7405850887	257.740585089	0.138596129257		0.0	0.0
226&0		0.147171974182	0.14995160145	33.8890619278	258.889061928	0.144274974182		0.0	0.0
227&0		0.124521017075	0.149845233573	34.014868021	260.014868021	0.121678017075		0.0	0.0
228&0		0.121374130249	0.149726039485	34.1375370026	261.137537003	0.118099130249		0.0	0.0
229&0		0.123358011246	0.149616724539	34.2622299194	262.262229919	0.118574011246		0.0	0.0
230&0		0.119031906128	0.149489825705	34.3826599121	263.382659912	0.114354906128		0.0	0.0
231&0		0.128036022186	0.149403069442	34.5121090412	264.512109041	0.123037022186		0.0	0.0
232&0		0.138309001923	0.149361456263	34.6518578529	265.651857853	0.133317001923		0.0	0.0
233&0		0.117858171463	0.149233292101	34.7713570595	266.771357059	0.115059171463		0.0	0.0
234&0		0.130509138107	0.149158786505	34.9031560421	267.903156042	0.126050138107		0.0	0.0
235&0		0.134071826935	0.149100518734	35.0386219025	269.038621902	0.129150826935		0.0	0.0
236&0		0.13263297081	0.149036630736	35.1726448536	270.172644854	0.12747497081		0.0	0.0
237&0		0.140726089478	0.149008033648	35.3149039745	271.314903975	0.137279089478		0.0	0.0
238&0		0.118833780289	0.148886301938	35.4349398613	272.434939861	0.115831780289		0.0	0.0
239&0		0.123264074326	0.148784413996	35.5594749451	273.559474945	0.120014074326		0.0	0.0
240&0		0.114686012268	0.148647716641	35.6754519939	274.675451994	0.111795012268		0.0	0.0
241&0		0.119030952454	0.148530215149	35.7957818508	275.795781851	0.116150952454		0.0	0.0
242&0		0.129503965378	0.148453119373	35.9256548882	276.925654888	0.124777965378		0.0	0.0
243&0		0.130990982056	0.148387184849	36.0580859184	278.058085918	0.126217982056		0.0	0.0
244&0		0.123684167862	0.148291807683	36.1832010746	279.183201075	0.118610167862		0.0	0.0
245&0		0.131796121597	0.148230420327	36.31645298	280.31645298	0.126729121597		0.0	0.0
246&0		0.121942043304	0.148129333326	36.4398159981	281.439815998	0.117128043304		0.0	0.0
247&0		0.132765054703	0.148072878841	36.5740010738	282.574001074	0.129573054703		0.0	0.0
248&0		0.116322040558	0.147949987842	36.6915969849	283.691596985	0.112980040558		0.0	0.0
249&0		0.11781001091	0.147834068321	36.810683012	284.810683012	0.11483601091		0.0	0.0
250&0		0.116517066956	0.14771391201	36.9284780025	285.928478003	0.113601066956		0.0	0.0
251&0		0.124662876129	0.147627214986	37.0544309616	287.054430962	0.121759876129		0.0	0.0
252&0		0.12216091156	0.147531305041	37.1778888702	288.17788887	0.11894391156		0.0	0.0
253&0		0.126610994339	0.147453869756	37.3058290482	289.305829048	0.123198994339		0.0	0.0
254&0		0.125731945038	0.147373720417	37.4329249859	290.432924986	0.122646945038		0.0	0.0
255&0		0.129031896591	0.147306960237	37.5632748604	291.56327486	0.124513896591		0.0	0.0
256&0		0.114447116852	0.147184101865	37.6791300774	292.679130077	0.111345116852		0.0	0.0
257&0		0.120138883591	0.147083933715	37.8005709648	293.800570965	0.117048883591		0.0	0.0
258&0		0.124150037766	0.14700006607	37.926017046	294.926017046	0.121182037766		0.0	0.0
259&0		0.123085975647	0.146913030433	38.0504748821	296.050474882	0.120195975647		0.0	0.0
260&0		0.117563009262	0.14680512685	38.1693329811	297.169332981	0.113971009262		0.0	0.0
261&0		0.12079000473	0.146710494469	38.2914390564	298.291439056	0.11599300473		0.0	0.0
262&0		0.119510889053	0.146612087279	38.4123668671	299.412366867	0.114871889053		0.0	0.0
263&0		0.115153074265	0.146497832505	38.5289299488	300.528929949	0.111834074265		0.0	0.0
264&0		0.119241952896	0.146399461862	38.6494579315	301.649457932	0.116357952896		0.0	0.0
265&0		0.126753091812	0.146330260331	38.7775189877	302.777518988	0.123615091812		0.0	0.0
266&0		0.121937036514	0.146243420759	38.9007499218	303.900749922	0.119050036514		0.0	0.0
267&0		0.115738868713	0.146134018452	39.0177829266	305.017782927	0.112824868713		0.0	0.0
268&0		0.120486021042	0.146043122704	39.1395568848	306.139556885	0.117632021042		0.0	0.0
269&0		0.124929904938	0.145969423663	39.2657749653	307.265774965	0.120046904938		0.0	0.0
270&0		0.119114875793	0.145875466311	39.3863759041	308.386375904	0.114458875793		0.0	0.0
271&0		0.121098995209	0.14578931358	39.5089039803	309.50890398	0.116073995209		0.0	0.0
272&0		0.120680093765	0.145702224444	39.6310050488	310.631005049	0.115888093765		0.0	0.0
273&0		0.124429941177	0.145629468855	39.7568449974	311.756844997	0.119501941177		0.0	0.0
274&0		0.118119001389	0.14553407683	39.8763370514	312.876337051	0.115165001389		0.0	0.0
275&0		0.120708942413	0.145448508696	39.9983398914	313.998339891	0.117755942413		0.0	0.0
276&0		0.278739929199	0.145936083103	40.2783589363	315.278358936	0.273972929199		0.0	0.0
277&0		0.329358816147	0.146603342428	40.6091258526	316.609125853	0.325991816147		0.0	0.0
278&0		0.127118110657	0.146537805633	40.7375099659	317.737509966	0.123969110657		0.0	0.0
279&0		0.12032699585	0.146448462667	40.8591210842	318.859121084	0.11749699585		0.0	0.0
280&0		0.122266054153	0.14636695385	40.9827470779	319.982747078	0.117272054153		0.0	0.0
281&0		0.123488903046	0.146290537301	41.1076409817	321.107640982	0.118681903046		0.0	0.0
282&0		0.123023986816	0.14621292192	41.2320439816	322.232043982	0.118272986816		0.0	0.0
283&0		0.135227203369	0.146179130979	41.368694067	323.368694067	0.130411203369		0.0	0.0
284&0		0.125613927841	0.146111615947	41.4956989288	324.495698929	0.120826927841		0.0	0.0
285&0		0.124377965927	0.146039880786	41.621366024	325.621366024	0.121155965927		0.0	0.0
286&0		0.116497993469	0.145941052403	41.7391409874	326.739140987	0.113461993469		0.0	0.0
287&0		0.118142843246	0.145848654704	41.8585639	327.8585639	0.115235843246		0.0	0.0
288&0		0.120311975479	0.145764427053	41.9801549911	328.980154991	0.117161975479		0.0	0.0
289&0		0.123104095459	0.14569050878	42.1045570374	330.104557037	0.119790095459		0.0	0.0
290&0		0.124587059021	0.145621648328	42.2302780151	331.230278015	0.121313059021		0.0	0.0
291&0		0.124397039413	0.145553209528	42.3559839725	332.355983973	0.120647039413		0.0	0.0
292&0		0.121716022491	0.145476407384	42.4791109562	333.479110956	0.117615022491		0.0	0.0
293&0		0.121829986572	0.14540032722	42.6022958755	334.602295876	0.117277986572		0.0	0.0

Total-Times:293	Loss-Times:0	Recent 10 times loss possiblity: 0.0	Total Hex File Loss number: 0
