Times(S&L)	Runnig-Time	Average-Time	Total-Time	Total-ExeTime	Msg-trans-Time		LP	TLP
1&0		0.145746946335	0.146610021591	0.146610021591	0.146610021591	0.140518946335		0.0	0.0
2&0		0.120665073395	0.134608507156	0.269217014313	1.26921701431	0.117332073395		0.0	0.0
3&0		0.120913982391	0.130476713181	0.391430139542	2.39143013954	0.117770982391		0.0	0.0
4&0		0.127689838409	0.13010674715	0.520426988602	3.5204269886	0.124494838409		0.0	0.0
5&0		0.135776996613	0.131505012512	0.657525062561	4.65752506256	0.132282996613		0.0	0.0
6&0		0.122652053833	0.130246678988	0.781480073929	5.78148007393	0.119535053833		0.0	0.0
7&0		0.151292085648	0.133439574923	0.93407702446	6.93407702446	0.147779085648		0.0	0.0
8&0		0.125730037689	0.13263887167	1.06111097336	8.06111097336	0.122291037689		0.0	0.0
9&0		0.120025873184	0.131380558014	1.18242502213	9.18242502213	0.116952873184		0.0	0.0
10&0		0.132292985916	0.13160200119	1.3160200119	10.3160200119	0.128836985916		0.0	0.0
11&0		0.121753931046	0.130824630911	1.43907094002	11.43907094	0.118681931046		0.0	0.0
12&0		0.126775979996	0.130595246951	1.56714296341	12.5671429634	0.123573979996		0.0	0.0
13&0		0.12827205658	0.13051531865	1.69669914246	13.6966991425	0.12490505658		0.0	0.0
14&0		0.118786096573	0.129770006452	1.81678009033	14.8167800903	0.115537096573		0.0	0.0
15&0		0.12952208519	0.129841136932	1.94761705399	15.947617054	0.12620608519		0.0	0.0
16&0		0.124587059021	0.129593938589	2.07350301743	17.0735030174	0.121321059021		0.0	0.0
17&0		0.148338079453	0.130773656509	2.22315216064	18.2231521606	0.143737079453		0.0	0.0
18&0		0.120309829712	0.130270388391	2.34486699104	19.344866991	0.117201829712		0.0	0.0
19&0		0.116599798203	0.129620050129	2.46278095245	20.4627809525	0.113592798203		0.0	0.0
20&0		0.120668172836	0.129240107536	2.58480215073	21.5848021507	0.117424172836		0.0	0.0
21&0		0.127725124359	0.129230431148	2.71383905411	22.7138390541	0.124574124359		0.0	0.0
22&0		0.117774963379	0.128772182898	2.83298802376	23.8329880238	0.114401963379		0.0	0.0
23&0		0.122098922729	0.128539779912	2.95641493797	24.956414938	0.118892922729		0.0	0.0
24&0		0.120335102081	0.128253002961	3.07807207108	26.0780720711	0.116828102081		0.0	0.0
25&0		0.126944065094	0.128254766464	3.20636916161	27.2063691616	0.123523065094		0.0	0.0
26&0		0.117572069168	0.127894080602	3.32524609566	28.3252460957	0.114313069168		0.0	0.0
27&0		0.121606111526	0.127713115127	3.44825410843	29.4482541084	0.118261111526		0.0	0.0
28&0		0.119911909103	0.127487608365	3.56965303421	30.5696530342	0.116502909103		0.0	0.0
29&0		0.121117115021	0.127312898636	3.69207406044	31.6920740604	0.117787115021		0.0	0.0
30&0		0.128206014633	0.127386871974	3.82160615921	32.8216061592	0.124728014633		0.0	0.0
31&0		1.09064602852	0.158502709481	4.91358399391	34.9135839939	1.08722802852		0.0	0.0
32&0		0.129673957825	0.157642781734	5.0445690155	36.0445690155	0.126162957825		0.0	0.0
33&0		0.134085178375	0.156953580452	5.17946815491	37.1794681549	0.130743178375		0.0	0.0
34&0		0.121927976608	0.155962235787	5.30271601677	38.3027160168	0.118466976608		0.0	0.0
35&0		0.122843027115	0.155053717749	5.42688012123	39.4268801212	0.119411027115		0.0	0.0
36&0		0.126957893372	0.154309001234	5.55512404442	40.5551240444	0.123724893372		0.0	0.0
37&0		0.121069908142	0.153447486259	5.67755699158	41.6775569916	0.118022908142		0.0	0.0
38&0		0.130681991577	0.152883077923	5.80955696106	42.8095569611	0.127725991577		0.0	0.0
39&0		0.122667074203	0.152141234814	5.93350815773	43.9335081577	0.119439074203		0.0	0.0
40&0		0.161009073257	0.152397274971	6.09589099884	45.0958909988	0.157348073257		0.0	0.0
41&0		0.135787963867	0.152023926014	6.23298096657	46.2329809666	0.132503963867		0.0	0.0
42&0		0.134624004364	0.151639978091	6.36887907982	47.3688790798	0.129508004364		0.0	0.0
43&0		0.119900941849	0.15093385896	6.49015593529	48.4901559353	0.116869941849		0.0	0.0
44&0		0.121068000793	0.150284024802	6.61249709129	49.6124970913	0.117908000793		0.0	0.0
45&0		0.129791975021	0.149857531654	6.74358892441	50.7435889244	0.126523975021		0.0	0.0
46&0		0.129725933075	0.149447803912	6.87459897995	51.8745989799	0.126353933075		0.0	0.0
47&0		0.1245200634	0.148946574394	7.00048899651	53.0004889965	0.1195020634		0.0	0.0
48&0		0.121385097504	0.148402209083	7.123306036	54.123306036	0.118283097504		0.0	0.0
49&0		0.118657827377	0.147821917826	7.24327397346	55.2432739735	0.115035827377		0.0	0.0
50&0		0.130579948425	0.147503681183	7.37518405914	56.3751840591	0.127313948425		0.0	0.0
51&0		0.12157702446	0.147022410935	7.49814295769	57.4981429577	0.11833002446		0.0	0.0
52&0		0.12618303299	0.146646884771	7.62563800812	58.6256380081	0.12268103299		0.0	0.0
53&0		0.12260389328	0.146219734876	7.74964594841	59.7496459484	0.11934289328		0.0	0.0
54&0		0.123994827271	0.145832684305	7.87496495247	60.8749649525	0.119306827271		0.0	0.0
55&0		0.121207952499	0.145412783189	7.99770307541	61.9977030754	0.118105952499		0.0	0.0
56&0		0.116760015488	0.144924823727	8.11579012871	63.1157901287	0.113338015488		0.0	0.0
57&0		0.12841296196	0.144658490231	8.24553394318	64.2455339432	0.12505996196		0.0	0.0
58&0		0.119069099426	0.144239828504	8.36591005325	65.3659100533	0.115710099426		0.0	0.0
59&0		0.14456987381	0.144267490355	8.51178193092	66.5117819309	0.13979087381		0.0	0.0
60&0		0.119117021561	0.143871982892	8.63231897354	67.6323189735	0.116003021561		0.0	0.0
61&0		0.121361017227	0.143525033701	8.75502705574	68.7550270557	0.118201017227		0.0	0.0
62&0		0.132742166519	0.143373889308	8.88918113708	69.8891811371	0.129238166519		0.0	0.0
63&0		0.125180006027	0.143105809651	9.015666008	71.015666008	0.121846006027		0.0	0.0
64&0		0.123581886292	0.14282123372	9.14055895805	72.1405589581	0.118476886292		0.0	0.0
65&0		0.120390892029	0.142497708247	9.26235103607	73.2623510361	0.117300892029		0.0	0.0
66&0		0.117748975754	0.142143076116	9.38144302368	74.3814430237	0.114502975754		0.0	0.0
67&0		0.121750116348	0.141858449623	9.50451612473	75.5045161247	0.118412116348		0.0	0.0
68&0		0.126712083817	0.141654985792	9.63253903389	76.6325390339	0.123480083817		0.0	0.0
69&0		0.126581192017	0.141455494839	9.76042914391	77.7604291439	0.121775192017		0.0	0.0
70&0		0.117152929306	0.141128315244	9.87898206711	78.8789820671	0.113930929306		0.0	0.0
71&0		0.12125992775	0.140866887402	10.0015490055	80.0015490055	0.11801492775		0.0	0.0
72&0		0.138190031052	0.140848335293	10.1410801411	81.1410801411	0.134392031052		0.0	0.0
73&0		0.118423938751	0.140558987448	10.2608060837	82.2608060837	0.115181938751		0.0	0.0
74&0		0.125892877579	0.14037845908	10.3880059719	83.3880059719	0.121122877579		0.0	0.0
75&0		0.135152101517	0.140327974955	10.5245981216	84.5245981216	0.131777101517		0.0	0.0
76&0		0.118519067764	0.140058250804	10.6444270611	85.6444270611	0.115370067764		0.0	0.0
77&0		0.134547948837	0.140003857675	10.7802970409	86.7802970409	0.130940948837		0.0	0.0
78&0		0.119729995728	0.139760653178	10.9013309479	87.9013309479	0.116665995728		0.0	0.0
79&0		0.126049995422	0.139603620843	11.0286860466	89.0286860466	0.121409995422		0.0	0.0
80&0		0.121198177338	0.139391338825	11.151307106	90.151307106	0.117815177338		0.0	0.0
81&0		0.119859933853	0.139166308038	11.2724709511	91.2724709511	0.116702933853		0.0	0.0
82&0		0.132406949997	0.13910006023	11.4062049389	92.4062049389	0.128810949997		0.0	0.0
82&1		2.17319917679	0.163623206587	13.5807261467	95.5807261467	2.17227617679		0.1	0.0120481927711
83&1		0.213271141052	0.164230965433	13.7954010963	96.7954010963	0.209407141052		0.1	0.0119047619048
84&1		0.123599052429	0.163768448549	13.9203181267	97.9203181267	0.120394052429		0.1	0.0117647058824
85&1		0.11919593811	0.163265499958	14.0408329964	99.0408329964	0.11594193811		0.1	0.0116279069767
86&1		0.173518180847	0.163398679646	14.2156851292	100.215685129	0.169878180847		0.1	0.0114942528736
87&1		0.192144155502	0.163740410046	14.4091560841	101.409156084	0.188917155502		0.1	0.0113636363636
88&1		0.133178949356	0.163411810157	14.543651104	102.543651104	0.129732949356		0.1	0.0112359550562
89&1		0.118591070175	0.162928234206	14.6635410786	103.663541079	0.115373070175		0.1	0.0111111111111
90&1		0.133854150772	0.162623067479	14.7986991405	104.798699141	0.128743150772		0.1	0.010989010989
91&1		0.117225885391	0.162145130012	14.9173519611	105.917351961	0.114148885391		0.1	0.0108695652174
92&1		0.128055095673	0.161793398601	15.0467860699	107.04678607	0.124590095673		0.0	0.010752688172
93&1		0.124783039093	0.161413895323	15.1729061604	108.17290616	0.121355039093		0.0	0.0106382978723
94&1		0.120368003845	0.160995894984	15.2946100235	109.294610023	0.117184003845		0.0	0.0105263157895
95&1		0.128890991211	0.160674969355	15.4247970581	110.424797058	0.123970991211		0.0	0.0104166666667
96&1		0.121737003326	0.160278939709	15.5470571518	111.547057152	0.118575003326		0.0	0.0103092783505
97&1		0.122232913971	0.159903857173	15.6705780029	112.670578003	0.118863913971		0.0	0.0102040816327
98&1		0.144497871399	0.159761313236	15.8163700104	113.81637001	0.140884871399		0.0	0.010101010101
99&1		0.12026309967	0.159379110336	15.9379110336	114.937911034	0.11713909967		0.0	0.01
100&1		0.130424976349	0.159105178153	16.0696229935	116.069622993	0.125565976349		0.0	0.00990099009901
101&1		0.119749069214	0.158732795248	16.1907451153	117.190745115	0.116537069214		0.0	0.00980392156863
102&1		0.124378919601	0.158411699591	16.3164050579	118.316405058	0.121182919601		0.0	0.00970873786408
103&1		0.129158973694	0.158142924309	16.4468641281	119.446864128	0.125647973694		0.0	0.00961538461538
104&1		0.121459960938	0.157805876505	16.569617033	120.569617033	0.118409960938		0.0	0.00952380952381
105&1		0.122362852097	0.157483829642	16.6932859421	121.693285942	0.117708852097		0.0	0.00943396226415
106&1		0.13637304306	0.157299645593	16.8310620785	122.831062078	0.13310104306		0.0	0.00934579439252
107&1		0.129275083542	0.15705223216	16.9616410732	123.961641073	0.125956083542		0.0	0.00925925925926
108&1		0.121640920639	0.156739477718	17.0846030712	125.084603071	0.118323920639		0.0	0.00917431192661
109&1		0.121457099915	0.156430474195	17.2073521614	126.207352161	0.118374099915		0.0	0.00909090909091
110&1		0.122793912888	0.156139189059	17.3314499855	127.331449986	0.117858912888		0.0	0.00900900900901
111&1		0.121307134628	0.155840875847	17.4541780949	128.454178095	0.117988134628		0.0	0.00892857142857
112&1		0.119204044342	0.155528062213	17.57467103	129.57467103	0.115955044342		0.0	0.00884955752212
113&1		0.124165058136	0.155259008993	17.6995270252	130.699527025	0.120865058136		0.0	0.00877192982456
114&1		0.128968000412	0.155041547444	17.829777956	131.829777956	0.125871000412		0.0	0.00869565217391
115&1		0.149322032928	0.155003362689	17.9803900719	132.980390072	0.144505032928		0.0	0.00862068965517
116&1		0.124128103256	0.154751445493	18.1059191227	134.105919123	0.120923103256		0.0	0.00854700854701
117&1		0.148837089539	0.154712238554	18.2560441494	135.256044149	0.145680089539		0.0	0.00847457627119
118&1		0.12232708931	0.154450941487	18.3796620369	136.379662037	0.11900408931		0.0	0.00840336134454
119&1		0.130707025528	0.154263826211	18.5116591454	137.511659145	0.127480025528		0.0	0.00833333333333
120&1		0.132519006729	0.154094735453	18.6454629898	138.64546299	0.127695006729		0.0	0.00826446280992
121&1		0.119828939438	0.153825671946	18.7667319775	139.766731977	0.116623939438		0.0	0.00819672131148
122&1		0.123548984528	0.153590056954	18.8915770054	140.891577005	0.120239984528		0.0	0.00813008130081
123&1		0.119577169418	0.153326307574	19.0124621391	142.012462139	0.116119169418		0.0	0.00806451612903
124&1		0.119442939758	0.153065511703	19.1331889629	143.133188963	0.116122939758		0.0	0.008
125&1		0.144675970078	0.153009159224	19.2791540623	144.279154062	0.139925970078		0.0	0.00793650793651
126&1		0.123463153839	0.152787756732	19.404045105	145.404045105	0.120349153839		0.0	0.00787401574803
127&1		0.11693406105	0.152517648414	19.522258997	146.522258997	0.11381206105		0.0	0.0078125
128&1		0.134313106537	0.152386892674	19.6579091549	147.657909155	0.130702106537		0.0	0.0077519379845
129&1		0.125388145447	0.152189139219	19.7845880985	148.784588099	0.122271145447		0.0	0.00769230769231
130&1		0.124588012695	0.151988389838	19.9104790688	149.910479069	0.119824012695		0.0	0.00763358778626
131&1		0.117748975754	0.151741416165	20.0298669338	151.029866934	0.114682975754		0.0	0.00757575757576
132&1		0.11939907074	0.151507910033	20.1505520344	152.150552034	0.11617707074		0.0	0.00751879699248
132&2		2.01982998848	0.165460926383	22.1717641354	155.171764135	2.01845198848		0.1	0.0149253731343
133&2		0.140059947968	0.165283199593	22.313231945	156.313231945	0.136574947968		0.1	0.0148148148148
134&2		0.116369962692	0.164933022331	22.430891037	157.430891037	0.113295962692		0.1	0.0147058823529
135&2		0.126817941666	0.164664190181	22.5589940548	158.558994055	0.122093941666		0.1	0.014598540146
136&2		0.119127988815	0.164344312488	22.6795151234	159.679515123	0.115990988815		0.1	0.0144927536232
137&2		0.123826026917	0.164062108925	22.8046331406	160.804633141	0.120480026917		0.1	0.0143884892086
138&2		0.132220983505	0.163839936256	22.9375910759	161.937591076	0.128917983505		0.1	0.0142857142857
139&2		0.12429189682	0.163568510231	23.0631599426	163.063159943	0.12125889682		0.1	0.0141843971631
140&2		0.126898050308	0.163319429881	23.1913590431	164.191359043	0.122159050308		0.1	0.0140845070423
141&2		0.123236894608	0.163048979286	23.3160040379	165.316004038	0.119918894608		0.1	0.013986013986
142&2		0.170902013779	0.163112507926	23.4882011414	166.488201141	0.167588013779		0.0	0.0138888888889
143&2		0.117820978165	0.162809069403	23.6073150635	167.607315063	0.114698978165		0.0	0.0137931034483

Total-Times:145	Loss-Times:2	Recent 10 times loss possiblity: 0.0	Total Hex File Loss number: 0
