Times(S&L)	Runnig-Time	Average-Time	Total-Time	Total-ExeTime	Msg-trans-Time		LP	TLP
1&0		0.126420021057	0.127154827118	0.127154827118	0.127154827118	0.122657021057		0.0	0.0
2&0		0.138223171234	0.13345849514	0.26691699028	1.26691699028	0.132558171234		0.0	0.0
3&0		0.135256052017	0.134684642156	0.404053926468	2.40405392647	0.130179052017		0.0	0.0
4&0		0.147827863693	0.138435721397	0.55374288559	3.55374288559	0.142443863693		0.0	0.0
5&0		0.123385906219	0.135745382309	0.678726911545	4.67872691154	0.118020906219		0.0	0.0
6&0		0.135601043701	0.13598048687	0.815882921219	5.81588292122	0.130354043701		0.0	0.0
7&0		0.131822109222	0.135604143143	0.949229001999	6.949229002	0.128140109222		0.0	0.0
8&0		0.128448009491	0.134870111942	1.07896089554	8.07896089554	0.122786009491		0.0	0.0
9&0		0.141023159027	0.13571688864	1.22145199776	9.22145199776	0.135443159027		0.0	0.0
10&0		0.121427059174	0.134455394745	1.34455394745	10.3445539474	0.115688059174		0.0	0.0
11&0		0.23713517189	0.143933361227	1.5832669735	11.5832669735	0.23240117189		0.0	0.0
12&0		0.135318994522	0.143330832322	1.71996998787	12.7199699879	0.132479994522		0.0	0.0
13&0		0.127425909042	0.142213527973	1.84877586365	13.8487758636	0.122967909042		0.0	0.0
14&0		0.156394004822	0.143328632627	2.00660085678	15.0066008568	0.151647004822		0.0	0.0
15&0		0.131193161011	0.142615000407	2.1392250061	16.1392250061	0.126326161011		0.0	0.0
16&0		0.123406887054	0.141503617167	2.26405787468	17.2640578747	0.120138887054		0.0	0.0
17&0		0.124022006989	0.14054999632	2.38934993744	18.3893499374	0.121196006989		0.0	0.0
18&0		0.123714923859	0.139685935444	2.514346838	19.514346838	0.120940923859		0.0	0.0
19&0		0.125105142593	0.138986211074	2.64073801041	20.6407380104	0.122212142593		0.0	0.0
20&0		0.125483989716	0.138377046585	2.7675409317	21.7675409317	0.120803989716		0.0	0.0
21&0		0.124417066574	0.137779951096	2.89337897301	22.893378973	0.119755066574		0.0	0.0
22&0		0.125313997269	0.137277538126	3.02010583878	24.0201058388	0.120867997269		0.0	0.0
23&0		0.12512922287	0.136810478957	3.14664101601	25.146641016	0.12003822287		0.0	0.0
24&0		0.123066902161	0.136297871669	3.27114892006	26.2711489201	0.118056902161		0.0	0.0
25&0		0.124835014343	0.135895719528	3.3973929882	27.3973929882	0.120035014343		0.0	0.0
26&0		0.139228105545	0.136078073428	3.53802990913	28.5380299091	0.134520105545		0.0	0.0
27&0		0.127570867538	0.135815735216	3.66702485085	29.6670248508	0.122802867538		0.0	0.0
28&0		0.121613025665	0.135358137744	3.79002785683	30.7900278568	0.118778025665		0.0	0.0
29&0		0.13056397438	0.135236756555	3.92186594009	31.9218659401	0.12606697438		0.0	0.0
30&0		0.123831033707	0.134903732936	4.04711198807	33.0471119881	0.119139033707		0.0	0.0
31&0		0.127166986465	0.134703251623	4.17580080032	34.1758008003	0.122190986465		0.0	0.0
32&0		0.126706123352	0.134498216212	4.30394291878	35.3039429188	0.121139123352		0.0	0.0
33&0		0.12722492218	0.134334361914	4.43303394318	36.4330339432	0.12197592218		0.0	0.0
34&0		0.12980389595	0.134244876749	4.56432580948	37.5643258095	0.12469389595		0.0	0.0
35&0		0.123746871948	0.133987195151	4.68955183029	38.6895518303	0.118613871948		0.0	0.0
36&0		0.128644943237	0.133881469568	4.81973290443	39.8197329044	0.123533943237		0.0	0.0
37&0		0.125934839249	0.133706833865	4.94715285301	40.947152853	0.120804839249		0.0	0.0
38&0		0.126975059509	0.133578131073	5.07596898079	42.0759689808	0.121346059509		0.0	0.0
39&0		0.123886823654	0.133366456399	5.20129179955	43.2012917995	0.118529823654		0.0	0.0
40&0		0.123142004013	0.133148419857	5.32593679428	44.3259367943	0.119895004013		0.0	0.0
41&0		0.126706123352	0.133022657255	5.45392894745	45.4539289474	0.123711123352		0.0	0.0
42&0		0.121999025345	0.132791638374	5.57724881172	46.5772488117	0.118798025345		0.0	0.0
43&0		0.124526977539	0.1326312298	5.70314288139	47.7031428814	0.119470977539		0.0	0.0
44&0		0.125407934189	0.132502133196	5.83009386063	48.8300938606	0.119857934189		0.0	0.0
45&0		0.126672029495	0.132405376434	5.95824193954	49.9582419395	0.120906029495		0.0	0.0
46&0		0.130854129791	0.132405804551	6.09066700935	51.0906670094	0.125542129791		0.0	0.0
47&0		0.127893924713	0.132345762659	6.22025084496	52.220250845	0.122069924713		0.0	0.0
48&0		0.12793803215	0.132284646233	6.34966301918	53.3496630192	0.12237803215		0.0	0.0
49&0		0.137585163116	0.132429448926	6.48904299736	54.4890429974	0.132110163116		0.0	0.0
50&0		0.128978967667	0.132392897606	6.61964488029	55.6196448803	0.123847967667		0.0	0.0
51&0		0.130028963089	0.132376427744	6.75119781494	56.7511978149	0.124958963089		0.0	0.0
52&0		0.137295007706	0.132505957897	6.89030981064	57.8903098106	0.132430007706		0.0	0.0
53&0		0.130516052246	0.132497791974	7.02238297462	59.0223829746	0.125292052246		0.0	0.0
54&0		0.134866952896	0.13256864636	7.15870690346	60.1587069035	0.129602952896		0.0	0.0
55&0		0.129447937012	0.132539905201	7.28969478607	61.2896947861	0.123851937012		0.0	0.0
56&0		0.129819869995	0.13251672898	7.42093682289	62.4209368229	0.124747869995		0.0	0.0
57&0		0.127534866333	0.132456172977	7.55000185966	63.5500018597	0.122054866333		0.0	0.0
58&0		0.135177135468	0.132528843551	7.68667292595	64.6866729259	0.129755135468		0.0	0.0
59&0		0.134577989578	0.132588455233	7.82271885872	65.8227188587	0.129525989578		0.0	0.0
60&0		0.126410007477	0.132511198521	7.95067191124	66.9506719112	0.121306007477		0.0	0.0
61&0		0.137481212616	0.132618360832	8.08972001076	68.0897200108	0.131920212616		0.0	0.0
62&0		0.140700817108	0.132772964816	8.23192381859	69.2319238186	0.134951817108		0.0	0.0
63&0		0.1304500103	0.13276036202	8.36390280724	70.3639028072	0.1255400103		0.0	0.0
64&0		0.221734046936	0.134173389524	8.58709692955	71.5870969296	0.218933046936		0.0	0.0
65&0		0.131595134735	0.134153215702	8.71995902061	72.7199590206	0.128767134735		0.0	0.0
66&0		0.128005027771	0.134079770608	8.84926486015	73.8492648602	0.123313027771		0.0	0.0
67&0		0.147454023361	0.134300445443	8.99812984467	74.9981298447	0.142770023361		0.0	0.0
68&0		0.129969120026	0.134257572539	9.12951493263	76.1295149326	0.124780120026		0.0	0.0
69&0		0.124920129776	0.134143072626	9.25587201118	77.2558720112	0.119596129776		0.0	0.0
70&0		0.125678062439	0.134044000081	9.38308000565	78.3830800056	0.121033062439		0.0	0.0
71&0		0.137528896332	0.134112885301	9.52201485634	79.5220148563	0.132899896332		0.0	0.0
72&0		0.123820066452	0.133989595705	9.64725089073	80.6472508907	0.119080066452		0.0	0.0
73&0		0.127958059311	0.133926205439	9.77661299706	81.7766129971	0.123236059311		0.0	0.0
74&0		0.123940944672	0.133810146435	9.90195083618	82.9019508362	0.119423944672		0.0	0.0
75&0		0.125682830811	0.133720610936	10.0290458202	84.0290458202	0.120882830811		0.0	0.0
76&0		0.12607216835	0.133638460385	10.1565229893	85.1565229893	0.12098816835		0.0	0.0
77&0		0.119410037994	0.13347199985	10.2773439884	86.2773439884	0.116229037994		0.0	0.0
78&0		0.130282878876	0.133447882457	10.4089348316	87.4089348316	0.125618878876		0.0	0.0
79&0		0.126728773117	0.133380566971	10.5370647907	88.5370647907	0.122005773117		0.0	0.0
80&0		0.122859954834	0.133266660571	10.6613328457	89.6613328457	0.118301954834		0.0	0.0
81&0		0.123581886292	0.133164096762	10.7862918377	90.7862918377	0.120773886292		0.0	0.0
82&0		0.12234711647	0.133048133152	10.9099469185	91.9099469185	0.11764811647		0.0	0.0
83&0		0.124776124954	0.132965360779	11.0361249447	93.0361249447	0.120016124954		0.0	0.0
84&0		0.126471042633	0.132904833271	11.1640059948	94.1640059948	0.121596042633		0.0	0.0
85&0		0.123139858246	0.132806716246	11.2885708809	95.2885708809	0.118193858246		0.0	0.0
86&0		0.121331930161	0.132689534232	11.4112999439	96.4112999439	0.118327930161		0.0	0.0
87&0		0.123112916946	0.132594240123	11.5356988907	97.5356988907	0.120183916946		0.0	0.0
88&0		0.121948957443	0.132488055663	11.6589488983	98.6589488983	0.119010957443		0.0	0.0
89&0		0.135418891907	0.132535559408	11.7956647873	99.7956647873	0.130695891907		0.0	0.0
90&0		0.123640060425	0.132453322411	11.920799017	100.920799017	0.118830060425		0.0	0.0
91&0		0.129642009735	0.13243829549	12.0518848896	102.05188489	0.125108009735		0.0	0.0
92&0		0.123697042465	0.132358628771	12.1769938469	103.176993847	0.120441042465		0.0	0.0
93&0		0.130127906799	0.132348622045	12.3084218502	104.30842185	0.125180906799		0.0	0.0
94&0		0.13455414772	0.132388520748	12.4445209503	105.44452095	0.12972214772		0.0	0.0
95&0		0.125129938126	0.132327124947	12.57107687	106.57107687	0.120401938126		0.0	0.0
96&0		0.125414848328	0.132269789775	12.6978998184	107.697899818	0.120592848328		0.0	0.0
97&0		0.119811058044	0.132155627319	12.81909585	108.81909585	0.116981058044		0.0	0.0
98&0		0.125815153122	0.132104009998	12.9461929798	109.94619298	0.121256153122		0.0	0.0
99&0		0.125834941864	0.132054796123	13.0734248161	111.073424816	0.121034941864		0.0	0.0
100&0		0.138388872147	0.132132217884	13.2132217884	112.213221788	0.132935872147		0.0	0.0
101&0		0.124378919601	0.132069573544	13.3390269279	113.339026928	0.119312919601		0.0	0.0
102&0		0.133971214294	0.132102019647	13.474406004	114.474406004	0.129292214294		0.0	0.0
103&0		0.121443033218	0.132012029296	13.5972390175	115.597239017	0.118685033218		0.0	0.0
104&0		0.123345851898	0.131941632583	13.7219297886	116.721929789	0.120539851898		0.0	0.0
105&0		0.12047290802	0.131844570523	13.8436799049	117.843679905	0.11762090802		0.0	0.0
106&0		0.125432014465	0.131796245305	13.9704020023	118.970402002	0.121022014465		0.0	0.0
107&0		0.126319885254	0.131758148425	14.0981218815	120.098121881	0.121084885254		0.0	0.0
108&0		0.127688884735	0.13173366476	14.2272357941	121.227235794	0.121779884735		0.0	0.0
109&0		0.124207019806	0.131680145176	14.3531358242	122.353135824	0.119303019806		0.0	0.0
110&0		0.122884988785	0.131613018296	14.4774320126	123.477432013	0.118239988785		0.0	0.0
111&0		0.128280162811	0.13159531516	14.6070799828	124.607079983	0.125461162811		0.0	0.0
112&0		0.123437166214	0.13153408042	14.7318170071	125.731817007	0.118805166214		0.0	0.0
113&0		0.123958110809	0.131479354031	14.8571670055	126.857167006	0.119299110809		0.0	0.0
114&0		0.125684022903	0.13144094693	14.9842679501	127.98426795	0.121034022903		0.0	0.0
115&0		0.12282204628	0.131378486882	15.1085259914	129.108525991	0.11773204628		0.0	0.0
116&0		0.126282930374	0.131347913167	15.2363579273	130.236357927	0.120632930374		0.0	0.0
117&0		0.348238945007	0.133213947981	15.5860319138	131.586031914	0.343244945007		0.0	0.0
118&0		0.143468141556	0.133312728445	15.7309019566	132.730901957	0.140516141556		0.0	0.0
119&0		0.122577905655	0.133233326824	15.854765892	133.854765892	0.119728905655		0.0	0.0
120&0		0.122964859009	0.13315855662	15.9790267944	134.979026794	0.118526859009		0.0	0.0
121&0		0.128945112228	0.133135297082	16.1093709469	136.109370947	0.123332112228		0.0	0.0
122&0		0.126070976257	0.133089958644	16.2369749546	137.236974955	0.120355976257		0.0	0.0
123&0		0.125224113464	0.133037691194	16.3636360168	138.363636017	0.120294113464		0.0	0.0
124&0		0.13472700119	0.133062635699	16.4997668266	139.499766827	0.12997100119		0.0	0.0
125&0		0.127211093903	0.133027215958	16.6284019947	140.628401995	0.122486093903		0.0	0.0
126&0		0.121074199677	0.132943285836	16.7508540154	141.750854015	0.118238199677		0.0	0.0
127&0		0.127457141876	0.132910377397	16.8796179295	142.879617929	0.122814141876		0.0	0.0
128&0		0.126549005508	0.132871616632	17.0075669289	144.007566929	0.121745005508		0.0	0.0
129&0		0.124419927597	0.132816882097	17.1333777905	145.13337779	0.119333927597		0.0	0.0
130&0		0.126842975616	0.132781945742	17.2616529465	146.261652946	0.123419975616		0.0	0.0
131&0		0.125921010971	0.132739418336	17.388863802	147.388863802	0.123030010971		0.0	0.0
132&0		0.123492002487	0.132679287231	17.5136659145	148.513665915	0.118852002487		0.0	0.0
133&0		0.156263113022	0.132867097855	17.6713240147	149.671324015	0.151522113022		0.0	0.0
134&0		0.122283935547	0.132799394095	17.7951188087	150.795118809	0.117594935547		0.0	0.0
135&0		0.126811981201	0.132766266222	17.92344594	151.92344594	0.122024981201		0.0	0.0
136&0		0.123053789139	0.132705322083	18.0479238033	153.047923803	0.118372789139		0.0	0.0
137&0		0.127676010132	0.132678875958	18.1770060062	154.177006006	0.122660010132		0.0	0.0
138&0		0.125405073166	0.132636586825	18.3038489819	155.303848982	0.120285073166		0.0	0.0
139&0		0.143804788589	0.132727149579	18.4490737915	156.449073792	0.139048788589		0.0	0.0
140&0		0.132591962814	0.132736335482	18.5830869675	157.583086967	0.127991962814		0.0	0.0
141&0		0.123908042908	0.132684396514	18.7084999084	158.708499908	0.119228042908		0.0	0.0
142&0		0.124477863312	0.132636568916	18.834392786	159.834392786	0.119935863312		0.0	0.0
143&0		0.127646923065	0.132611306397	18.9634168148	160.963416815	0.123197923065		0.0	0.0
144&0		0.124822854996	0.132567200396	19.089676857	162.089676857	0.119804854996		0.0	0.0
145&0		0.12589097023	0.132532798833	19.2172558308	163.217255831	0.12049197023		0.0	0.0
146&0		0.133139848709	0.132547375274	19.35191679	164.35191679	0.127993848709		0.0	0.0
147&0		0.12590098381	0.132511768211	19.4792299271	165.479229927	0.12108698381		0.0	0.0
148&0		0.126921892166	0.132483599959	19.607572794	166.607572794	0.122226892166		0.0	0.0
149&0		0.126098871231	0.132450226969	19.7350838184	167.735083818	0.121473871231		0.0	0.0
150&0		0.128293991089	0.132432866096	19.8649299145	168.864929914	0.123726991089		0.0	0.0
151&0		0.127363920212	0.13240867419	19.9937098026	169.993709803	0.122685920212		0.0	0.0
152&0		0.128484964371	0.132392210396	20.1236159801	171.12361598	0.123325964371		0.0	0.0
153&0		0.126049995422	0.132359959721	20.2510738373	172.251073837	0.122889995422		0.0	0.0
154&0		0.126702070236	0.132331810988	20.3790988922	173.379098892	0.122020070236		0.0	0.0
155&0		0.125779867172	0.132298657202	20.5062918663	174.506291866	0.120963867172		0.0	0.0
156&0		0.127460002899	0.13227673066	20.6351699829	175.635169983	0.122683002899		0.0	0.0
157&0		0.122632980347	0.132225114069	20.7593429089	176.759342909	0.117975980347		0.0	0.0
158&0		0.12379693985	0.132180530814	20.8845238686	177.884523869	0.11920493985		0.0	0.0
159&0		0.130076885223	0.13217625678	21.016024828	179.016024828	0.125304885223		0.0	0.0
160&0		0.128863096237	0.132164399326	21.1463038921	180.146303892	0.123570096237		0.0	0.0
161&0		0.127825975418	0.132146229655	21.2755429745	181.275542974	0.122834975418		0.0	0.0
162&0		0.133781909943	0.132165227407	21.41076684	182.41076684	0.129099909943		0.0	0.0
163&0		0.133943080902	0.132184778986	21.5461189747	183.546118975	0.129195080902		0.0	0.0
164&0		0.123317956924	0.132139188487	21.6708269119	184.670826912	0.120449956924		0.0	0.0
165&0		0.132553815842	0.132149392908	21.8046498299	185.80464983	0.129777815842		0.0	0.0
166&0		0.125962972641	0.132119855249	21.9318959713	186.931895971	0.121592972641		0.0	0.0
167&0		0.124638080597	0.132083598725	22.0579609871	188.057960987	0.119884080597		0.0	0.0
168&0		0.129173994064	0.1320746243	22.1885368824	189.188536882	0.124116994064		0.0	0.0
169&0		0.132656097412	0.13208622481	22.3225719929	190.322571993	0.127754097412		0.0	0.0
170&0		0.26903295517	0.132900069742	22.5930118561	191.593011856	0.26438895517		0.0	0.0
171&0		0.129024982452	0.132885467239	22.7234148979	192.723414898	0.125976982452		0.0	0.0
172&0		0.142302036285	0.13294793007	22.867043972	193.867043972	0.137595036285		0.0	0.0
173&0		0.125855922699	0.132915120593	22.9943158627	194.994315863	0.121182922699		0.0	0.0
174&0		0.128144025803	0.132895919098	23.1238899231	196.123889923	0.123024025803		0.0	0.0
175&0		0.141129016876	0.132951108388	23.2664439678	197.266443968	0.137533016876		0.0	0.0
176&0		0.12800693512	0.132930362766	23.3957438469	198.395743847	0.12507393512		0.0	0.0
177&0		0.144567012787	0.13300362684	23.5416419506	199.541641951	0.139940012787		0.0	0.0
178&0		0.132781982422	0.133010297679	23.6758329868	200.675832987	0.128028982422		0.0	0.0
179&0		0.13650393486	0.133037748284	23.8137569427	201.813756943	0.13172893486		0.0	0.0
180&0		0.134814977646	0.133055493567	23.949988842	202.949988842	0.130033977646		0.0	0.0
181&0		0.137817144394	0.133089508141	24.0892009735	204.089200974	0.132615144394		0.0	0.0
182&0		0.135424137115	0.133110434144	24.2260990143	205.226099014	0.130020137115		0.0	0.0
183&0		0.16708111763	0.133303934108	24.3946199417	206.394619942	0.16205411763		0.0	0.0
184&0		0.141541004181	0.133356347032	24.5375678539	207.537567854	0.136857004181		0.0	0.0
185&0		0.138505220413	0.13339175147	24.6774740219	208.677474022	0.133807220413		0.0	0.0
186&0		0.130526065826	0.133383945752	24.8094139099	209.80941391	0.125839065826		0.0	0.0
187&0		0.152032852173	0.133492581985	24.9631128311	210.963112831	0.147393852173		0.0	0.0
188&0		0.155027151108	0.133614574341	25.1195399761	212.119539976	0.149646151108		0.0	0.0
189&0		0.147253990173	0.133695047368	25.2683639526	213.268363953	0.141941990173		0.0	0.0
190&0		0.133285999298	0.133700289224	25.4030549526	214.403054953	0.128735999298		0.0	0.0
191&0		0.145929098129	0.133771685406	25.5503919125	215.550391912	0.141211098129		0.0	0.0
192&0		0.132419109344	0.133771994462	25.6842229366	216.684222937	0.127743109344		0.0	0.0
193&0		0.140789985657	0.133815677672	25.8264257908	217.826425791	0.136041985657		0.0	0.0
194&0		0.130552053452	0.133806097139	25.9583828449	218.958382845	0.125890053452		0.0	0.0
195&0		0.156272888184	0.133928404099	26.1160387993	220.116038799	0.150896888184		0.0	0.0
196&0		0.135818958282	0.133945596461	26.2533369064	221.253336906	0.130487958282		0.0	0.0
197&0		0.128937005997	0.133927755549	26.3837678432	222.383767843	0.124304005997		0.0	0.0
198&0		0.138875007629	0.133959701567	26.5240209103	223.52402091	0.136028007629		0.0	0.0
199&0		0.134995937347	0.133971316132	26.6602919102	224.66029191	0.132208937347		0.0	0.0
200&0		0.134087085724	0.133978259563	26.7956519127	225.795651913	0.130999085724		0.0	0.0
201&0		0.149286031723	0.134060879845	26.9462368488	226.946236849	0.144656031723		0.0	0.0
202&0		0.140248060226	0.134098514472	27.0878999233	228.087899923	0.134886060226		0.0	0.0
203&0		0.134624958038	0.134108309675	27.2239868641	229.223986864	0.129316958038		0.0	0.0
204&0		0.14782500267	0.13418327944	27.3733890057	230.373389006	0.14225900267		0.0	0.0
205&0		0.13463306427	0.134192750512	27.509513855	231.509513855	0.12957906427		0.0	0.0
206&0		0.132262945175	0.134190746881	27.6432938576	232.643293858	0.126835945175		0.0	0.0
207&0		0.137351989746	0.134212990314	27.782088995	233.782088995	0.132291989746		0.0	0.0
208&0		0.135210037231	0.134224975338	27.9187948704	234.91879487	0.129945037231		0.0	0.0
209&0		0.13997387886	0.134259199982	28.0601727962	236.060172796	0.13482587886		0.0	0.0
210&0		0.157358884811	0.134376508849	28.2190668583	237.219066858	0.151619884811		0.0	0.0
211&0		0.142306089401	0.134421573431	28.3629519939	238.362951994	0.136876089401		0.0	0.0
212&0		0.130507946014	0.1344103577	28.4949958324	239.494995832	0.125119946014		0.0	0.0
213&0		0.145025014877	0.134467919668	28.6416668892	240.641666889	0.139891014877		0.0	0.0
214&0		0.13331413269	0.134470420463	28.7766699791	241.776669979	0.12819513269		0.0	0.0
215&0		0.131142854691	0.134462171377	28.9093668461	242.909366846	0.125641854691		0.0	0.0
216&0		0.139179944992	0.134490605858	29.0499708652	244.049970865	0.134046944992		0.0	0.0
217&0		0.148616075516	0.134562691236	29.2001039982	245.200103998	0.143391075516		0.0	0.0
218&0		0.132363080978	0.13455933934	29.333935976	246.333935976	0.127307080978		0.0	0.0
219&0		0.144818067551	0.134612579868	29.4801549911	247.480154991	0.140192067551		0.0	0.0
220&0		0.127341985703	0.134585899656	29.6088979244	248.608897924	0.122701985703		0.0	0.0
221&0		0.126299142838	0.134554723809	29.7365939617	249.736593962	0.123387142838		0.0	0.0
222&0		0.272139787674	0.135180359488	30.0100398064	251.010039806	0.267293787674		0.0	0.0
223&0		0.135904073715	0.135189945922	30.1473579407	252.147357941	0.130121073715		0.0	0.0
224&0		0.136059999466	0.135200330189	30.2848739624	253.284873962	0.131218999466		0.0	0.0
225&0		0.130886077881	0.135183773041	30.4163489342	254.416348934	0.126264077881		0.0	0.0
226&0		0.131536960602	0.135173764904	30.5492708683	255.549270868	0.126902960602		0.0	0.0
227&0		0.131880044937	0.135165418297	30.6825499535	256.682549953	0.127262044937		0.0	0.0
228&0		0.128973960876	0.135144403106	30.8129239082	257.812923908	0.124384960876		0.0	0.0
229&0		0.127770900726	0.135118287724	30.9420878887	258.942087889	0.123121900726		0.0	0.0
230&0		0.129529953003	0.135100156328	31.0730359554	260.073035955	0.124855953003		0.0	0.0
231&0		0.12614607811	0.135067397898	31.2005689144	261.200568914	0.12106607811		0.0	0.0
232&0		0.14436507225	0.135113905216	31.3464260101	262.34642601	0.13936007225		0.0	0.0
233&0		0.129937171936	0.135098772499	31.4780139923	263.478013992	0.125229171936		0.0	0.0
234&0		0.13017988205	0.13508373448	31.6095938683	264.609593868	0.12551688205		0.0	0.0
235&0		0.133568048477	0.135083323337	31.7445809841	265.744580984	0.129001048477		0.0	0.0
236&0		0.141318082809	0.135115558818	31.8872718811	266.887271881	0.138390082809		0.0	0.0
237&0		0.127298116684	0.135088181194	32.0158989429	268.015898943	0.122545116684		0.0	0.0
238&0		0.130407810211	0.13507439409	32.1477057934	269.147705793	0.125092810211		0.0	0.0
239&0		0.173909902573	0.135243526562	32.3232028484	270.323202848	0.169074902573		0.0	0.0
240&0		0.125061988831	0.135207395752	32.4497749805	271.449774981	0.120496988831		0.0	0.0
241&0		0.130500078201	0.135193709021	32.5816838741	272.581683874	0.125885078201		0.0	0.0
242&0		0.13131403923	0.135183466367	32.7143988609	273.714398861	0.12664603923		0.0	0.0
243&0		0.127135038376	0.135155982932	32.8429038525	274.842903852	0.124223038376		0.0	0.0
244&0		0.139496803284	0.13517892947	32.9836587906	275.983658791	0.135015803284		0.0	0.0
245&0		0.128861904144	0.135158889148	33.1139278412	277.113927841	0.123660904144		0.0	0.0
246&0		0.150370836258	0.135223434223	33.264964819	278.264964819	0.145319836258		0.0	0.0
247&0		0.132966041565	0.135219999653	33.3993399143	279.399339914	0.128310041565		0.0	0.0
248&0		0.1306848526	0.135207370404	33.5314278603	280.53142786	0.1259298526		0.0	0.0
249&0		0.127469062805	0.135181807131	33.6602699757	281.660269976	0.124628062805		0.0	0.0
250&0		0.27535200119	0.135747691154	33.9369227886	282.936922789	0.27042400119		0.0	0.0
251&0		0.136901140213	0.135757980119	34.0752530098	284.07525301	0.132100140213		0.0	0.0
252&0		0.145432949066	0.135802444011	34.2222158909	285.222215891	0.140191949066		0.0	0.0
253&0		0.12570810318	0.13576830046	34.3493800163	286.349380016	0.12060710318		0.0	0.0
254&0		0.126152992249	0.135735948255	34.4769308567	287.476930857	0.121462992249		0.0	0.0
255&0		0.124950885773	0.135699156219	34.6032848358	288.603284836	0.120058885773		0.0	0.0
256&0		0.14772605896	0.135751605034	34.7524108887	289.752410889	0.14310405896		0.0	0.0
257&0		0.137669086456	0.135764556172	34.8914909363	290.891490936	0.133069086456		0.0	0.0
258&0		0.137586116791	0.135777232259	35.0305259228	292.030525923	0.132881116791		0.0	0.0
259&0		0.13120007515	0.135764953252	35.1631228924	293.163122892	0.12629907515		0.0	0.0
260&0		0.124817848206	0.135728249183	35.2893447876	294.289344788	0.119970848206		0.0	0.0
261&0		0.128676176071	0.135706609236	35.4194250107	295.419425011	0.124007176071		0.0	0.0
262&0		0.125827074051	0.135674328294	35.5466740131	296.546674013	0.121136074051		0.0	0.0
263&0		0.130218029022	0.135658995734	35.6783158779	297.678315878	0.125466029022		0.0	0.0
264&0		0.12509393692	0.135624219071	35.8047938347	298.804793835	0.12220993692		0.0	0.0
265&0		0.143811941147	0.135657987954	35.9493668079	299.949366808	0.139107941147		0.0	0.0
266&0		0.125946998596	0.135626755263	36.0767168999	301.0767169	0.121302998596		0.0	0.0
267&0		0.126822948456	0.135599029198	36.2049407959	302.204940796	0.121621948456		0.0	0.0
268&0		0.126912117004	0.135568914129	36.3324689865	303.332468987	0.121315117004		0.0	0.0
269&0		0.124790906906	0.135534690658	36.4588317871	304.458831787	0.119805906906		0.0	0.0
270&0		0.123679876328	0.135496473312	36.5840477943	305.584047794	0.118475876328		0.0	0.0
271&0		0.129756212234	0.135480778684	36.7152910233	306.715291023	0.124790212234		0.0	0.0
272&0		0.124542951584	0.135446679943	36.8414969444	307.841496944	0.119007951584		0.0	0.0
273&0		0.132850885391	0.13544290057	36.9759118557	308.975911856	0.127669885391		0.0	0.0
274&0		0.132453918457	0.135437225773	37.1097998619	310.109799862	0.127455918457		0.0	0.0
275&0		0.28479719162	0.135985898105	37.3961219788	311.396121979	0.28123119162		0.0	0.0
276&0		0.12659907341	0.135956836783	37.5240869522	312.524086952	0.12341807341		0.0	0.0
277&0		0.129093170166	0.135936989251	37.6545460224	313.654546022	0.123519170166		0.0	0.0
278&0		0.131207942963	0.135925301545	37.7872338295	314.787233829	0.126080942963		0.0	0.0
279&0		0.151261806488	0.135985809415	37.9400408268	315.940040827	0.145609806488		0.0	0.0
280&0		0.133861064911	0.13598442844	38.0756399632	317.075639963	0.128477064911		0.0	0.0
281&0		0.13457608223	0.135984750829	38.211714983	318.211714983	0.12905108223		0.0	0.0
282&0		0.142865896225	0.136013754716	38.35587883	319.35587883	0.136825896225		0.0	0.0
283&0		0.138976097107	0.136029529909	38.4963569641	320.496356964	0.133660097107		0.0	0.0
284&0		0.130800008774	0.136016288274	38.6286258698	321.62862587	0.125642008774		0.0	0.0
285&0		0.135735988617	0.136020708084	38.765901804	322.765901804	0.130637988617		0.0	0.0
286&0		0.130596876144	0.136007093883	38.8980288506	323.898028851	0.125513876144		0.0	0.0
287&0		0.207660913467	0.136261828685	39.1071448326	325.107144833	0.202532913467		0.0	0.0
288&0		0.153496980667	0.136326874296	39.2621397972	326.262139797	0.147765980667		0.0	0.0
289&0		0.121302843094	0.136280217385	39.3849828243	327.384982824	0.117982843094		0.0	0.0
290&0		0.124810934067	0.13624532716	39.5111448765	328.511144876	0.119780934067		0.0	0.0
291&0		0.129380941391	0.136228130445	39.6423859596	329.64238596	0.124354941391		0.0	0.0
292&0		0.131458997726	0.136218037507	39.7756669521	330.775666952	0.126201997726		0.0	0.0
293&0		0.13849902153	0.136232279267	39.9160578251	331.916057825	0.13319702153		0.0	0.0
294&0		0.124538898468	0.136197727554	40.0421319008	333.042131901	0.119896898468		0.0	0.0
295&0		0.139792919159	0.136214660386	40.1833248138	334.183324814	0.135166919159		0.0	0.0
296&0		0.163311958313	0.13631131359	40.3481488228	335.348148823	0.158252958313		0.0	0.0
297&0		0.133629083633	0.136307060518	40.4831969738	336.483196974	0.128998083633		0.0	0.0
298&0		0.130746126175	0.136293144034	40.6153569221	337.615356922	0.126110126175		0.0	0.0
299&0		0.126396894455	0.136265176594	40.7432878017	338.743287802	0.121750894455		0.0	0.0
300&0		0.129737138748	0.136248116493	40.874434948	339.874434948	0.124367138748		0.0	0.0
301&0		0.132844924927	0.136241644324	41.0087349415	341.008734941	0.127586924927		0.0	0.0
302&0		0.17672586441	0.136381708234	41.1872758865	342.187275887	0.17113486441		0.0	0.0
303&0		0.143738031387	0.136410828077	41.3324809074	343.332480907	0.137885031387		0.0	0.0
304&0		0.140938043594	0.136430479978	41.4748659134	344.474865913	0.135605043594		0.0	0.0
305&0		0.179841995239	0.136577864944	41.6562488079	345.656248808	0.174290995239		0.0	0.0
306&0		0.12915802002	0.136558274038	41.7868318558	346.786831856	0.12397102002		0.0	0.0
307&0		0.133409976959	0.136553025789	41.9217789173	347.921778917	0.128222976959		0.0	0.0
308&0		0.124887943268	0.136520151968	42.0482068062	349.048206806	0.119888943268		0.0	0.0
309&0		0.127897024155	0.136497184297	42.1776299477	350.177629948	0.122198024155		0.0	0.0
310&0		0.149599075317	0.136544580613	42.3288199902	351.32881999	0.143583075317		0.0	0.0
311&0		0.152611017227	0.136600958189	42.4828979969	352.482897997	0.147419017227		0.0	0.0
312&0		0.138017892838	0.136610384171	42.6224398613	353.622439861	0.132792892838		0.0	0.0
313&0		0.126601934433	0.13658322313	42.7505488396	354.75054884	0.121516934433		0.0	0.0
314&0		0.133088827133	0.136578098224	42.8855228424	355.885522842	0.127793827133		0.0	0.0
315&0		0.136078119278	0.136581545784	43.0231869221	357.023186922	0.130891119278		0.0	0.0
316&0		0.151551008224	0.136633784711	43.1762759686	358.176275969	0.146196008224		0.0	0.0
317&0		0.133275032043	0.136627735024	43.3109920025	359.310992002	0.127811032043		0.0	0.0
318&0		0.173642873764	0.136748892706	43.4861478806	360.486147881	0.167817873764		0.0	0.0
319&0		0.175699949265	0.136875488915	43.6632809639	361.663280964	0.170223949265		0.0	0.0
320&0		0.129050016403	0.136855693161	43.7938218117	362.793821812	0.123712016403		0.0	0.0
321&0		0.161555051804	0.136937716297	43.9570069313	363.957006931	0.156129051804		0.0	0.0
322&0		0.134931087494	0.136935999675	44.0933918953	365.093391895	0.129699087494		0.0	0.0
323&0		0.135143041611	0.136935210449	44.2300729752	366.230072975	0.129382041611		0.0	0.0
324&0		0.150918006897	0.136983104694	44.3825259209	367.382525921	0.144869006897		0.0	0.0
325&0		0.142023801804	0.137003233249	44.526050806	368.526050806	0.136245801804		0.0	0.0
326&0		0.130023002625	0.136986493333	44.6575968266	369.657596827	0.124226002625		0.0	0.0
327&0		0.135910987854	0.136987846561	44.7950258255	370.795025826	0.130634987854		0.0	0.0
328&0		0.201073169708	0.137188219443	44.9977359772	371.997735977	0.195609169708		0.0	0.0
329&0		0.130774021149	0.137173498293	45.1300809383	373.130080938	0.125583021149		0.0	0.0
330&0		0.132090091705	0.137162766312	45.263712883	374.263712883	0.125652091705		0.0	0.0
331&0		0.132650852203	0.137153682392	45.3978688717	375.397868872	0.126857852203		0.0	0.0
332&0		0.12962603569	0.137135737632	45.5290648937	376.529064894	0.12655803569		0.0	0.0
333&0		0.124245166779	0.137100912787	45.6546039581	377.654603958	0.121202166779		0.0	0.0
334&0		0.131665945053	0.137088538644	45.787571907	378.787571907	0.126374945053		0.0	0.0
335&0		0.138616085052	0.137098719469	45.928071022	379.928071022	0.133375085052		0.0	0.0
336&0		0.146657943726	0.137132812114	46.0766248703	381.07662487	0.141472943726		0.0	0.0
337&0		0.132827997208	0.137124652325	46.2110078335	382.211007833	0.127091997208		0.0	0.0
338&0		0.131592988968	0.137112514507	46.3440299034	383.344029903	0.126537988968		0.0	0.0
339&0		0.131008863449	0.137098663324	46.476446867	384.476446867	0.126239863449		0.0	0.0
340&0		0.146556138992	0.137130641236	46.6244180202	385.62441802	0.141892138992		0.0	0.0
341&0		0.138422966003	0.137138500941	46.7642288208	386.764228821	0.133759966003		0.0	0.0
342&0		0.12725687027	0.137113739175	46.892898798	387.892898798	0.12266587027		0.0	0.0
343&0		0.144721984863	0.137139991143	47.0390169621	389.039016962	0.140025984863		0.0	0.0
344&0		0.140707969666	0.137154432923	47.1811249256	390.181124926	0.136050969666		0.0	0.0
345&0		0.129661083221	0.13713680834	47.3121988773	391.312198877	0.126372083221		0.0	0.0
346&0		0.13078212738	0.137122219698	47.4442880154	392.444288015	0.12589612738		0.0	0.0
347&0		0.144301176071	0.137146968319	47.5899980068	393.589998007	0.139657176071		0.0	0.0
348&0		0.13156080246	0.137134953477	47.72296381	394.72296381	0.12691880246		0.0	0.0
349&0		0.150276899338	0.137176670113	47.8746578693	395.874657869	0.145632899338		0.0	0.0
350&0		0.130931138992	0.137162828445	48.0069899559	397.006989956	0.125990138992		0.0	0.0
351&0		0.136495828629	0.137165281508	48.1450138092	398.145013809	0.131890828629		0.0	0.0
352&0		0.134865999222	0.137162761255	48.2812919617	399.281291962	0.129893999222		0.0	0.0
353&0		0.129012107849	0.137143909087	48.4117999077	400.411799908	0.126047107849		0.0	0.0
354&0		0.124079942703	0.137110590261	48.5371489525	401.537148952	0.121015942703		0.0	0.0
355&0		0.131336927414	0.137097898	48.6697537899	402.66975379	0.128536927414		0.0	0.0
356&0		0.127552986145	0.137074668086	48.7985818386	403.798581839	0.124699986145		0.0	0.0
357&0		0.132158994675	0.13706442288	48.9319989681	404.931998968	0.129347994675		0.0	0.0
358&0		0.148869037628	0.137101038874	49.082171917	406.082171917	0.143993037628		0.0	0.0
359&0		0.138386011124	0.137108492652	49.2219488621	407.221948862	0.133281011124		0.0	0.0
360&0		0.130999088287	0.137095652686	49.354434967	408.354434967	0.125780088287		0.0	0.0
361&0		0.144521951675	0.137120118762	49.5003628731	409.500362873	0.139864951675		0.0	0.0
362&0		0.143961191177	0.137142859111	49.6457149982	410.645714998	0.139260191177		0.0	0.0
363&0		0.129690170288	0.137126165316	49.7767980099	411.77679801	0.125007170288		0.0	0.0
364&0		0.947718143463	0.139356934107	50.725924015	413.725924015	0.942984143463		0.0	0.0
365&0		0.143996953964	0.139373643431	50.8713798523	414.871379852	0.139373953964		0.0	0.0
366&0		0.146811008453	0.139397813974	51.0195999146	416.019599915	0.142064008453		0.0	0.0
367&0		0.132856845856	0.139383803271	51.1538558006	417.153855801	0.128251845856		0.0	0.0
368&0		0.124027967453	0.139345858408	51.2792758942	418.279275894	0.118990967453		0.0	0.0
369&0		0.121169090271	0.139300354774	51.4018309116	419.401830912	0.118254090271		0.0	0.0
370&0		0.139178037643	0.139303494144	51.5422928333	420.542292833	0.134537037643		0.0	0.0
371&0		0.125198125839	0.139269261347	51.6688959599	421.66889596	0.120486125839		0.0	0.0
372&0		0.127441167831	0.139241553763	51.7978579998	422.797858	0.122504167831		0.0	0.0
373&0		0.134647846222	0.139233004951	51.9339108467	423.933910847	0.129952846222		0.0	0.0
374&0		0.126149892807	0.139201804278	52.0614748001	425.0614748	0.121449892807		0.0	0.0
375&0		0.123212099075	0.139162864049	52.1860740185	426.186074018	0.118389099075		0.0	0.0
376&0		0.123654127121	0.139125364258	52.311136961	427.311136961	0.118872127121		0.0	0.0
377&0		0.123894929886	0.13908869455	52.4364378452	428.436437845	0.120810929886		0.0	0.0
378&0		0.132297992706	0.139074113634	52.5700149536	429.570014954	0.129305992706		0.0	0.0
379&0		0.121751070023	0.139031862521	52.6930758953	430.693075895	0.118802070023		0.0	0.0
380&0		0.30619096756	0.139475141701	53.0005538464	432.000553846	0.30149896756		0.0	0.0
381&0		0.126764059067	0.13944547508	53.1287260056	433.128726006	0.122087059067		0.0	0.0
382&0		0.154134988785	0.13948763041	53.2842748165	434.284274817	0.148921988785		0.0	0.0
383&0		0.125613927841	0.139455078165	53.4112949371	435.411294937	0.120967927841		0.0	0.0
384&0		0.134207963943	0.1394450441	53.5468969345	436.546896935	0.129500963943		0.0	0.0
385&0		0.127732992172	0.139418251483	53.6760268211	437.676026821	0.122914992172		0.0	0.0
386&0		0.122543096542	0.139378116538	53.7999529839	438.799952984	0.119756096542		0.0	0.0
387&0		0.127265930176	0.139350146902	53.9285068512	439.928506851	0.122729930176		0.0	0.0
388&0		0.125658035278	0.139318659748	54.0556399822	441.055639982	0.120858035278		0.0	0.0
389&0		0.126554965973	0.139289559926	54.1836388111	442.183638811	0.121355965973		0.0	0.0
390&0		0.123800039291	0.139253451274	54.3088459969	443.308845997	0.120356039291		0.0	0.0
391&0		0.13170003891	0.139237444724	54.4418408871	444.441840887	0.12701903891		0.0	0.0
392&0		0.158941030502	0.139291377092	54.60221982	445.60221982	0.154224030502		0.0	0.0
393&0		0.13100194931	0.139273880092	54.7346348763	446.734634876	0.12639994931		0.0	0.0
394&0		0.136475086212	0.139270372802	54.8725268841	447.872526884	0.131722086212		0.0	0.0
395&0		0.13553404808	0.139264485806	55.0094718933	449.009471893	0.13078704808		0.0	0.0
396&0		0.138554096222	0.139266333195	55.1494679451	450.149467945	0.133940096222		0.0	0.0
397&0		0.145130872726	0.139284616754	55.2959928513	451.295992851	0.140162872726		0.0	0.0
398&0		0.140578985214	0.139291509911	55.4380209446	452.438020945	0.135931985214		0.0	0.0
399&0		0.133751869202	0.139281197598	55.5731978416	453.573197842	0.129060869202		0.0	0.0
400&0		0.133384943008	0.139269939661	55.7079758644	454.707975864	0.130563943008		0.0	0.0
401&0		0.146625041962	0.139291478511	55.8558828831	455.855882883	0.143753041962		0.0	0.0
402&0		0.127666950226	0.1392658083	55.9848549366	456.984854937	0.123030950226		0.0	0.0
403&0		0.126028060913	0.139236436588	56.1122839451	458.112283945	0.121475060913		0.0	0.0
404&0		0.132020950317	0.139222076624	56.245718956	459.245718956	0.126753950317		0.0	0.0
405&0		0.128401994705	0.139198940772	56.3755710125	460.375571012	0.123620994705		0.0	0.0
406&0		0.142632007599	0.139210876573	56.5196158886	461.519615889	0.137892007599		0.0	0.0
407&0		0.132266044617	0.139197279839	56.6532928944	462.653292894	0.127661044617		0.0	0.0
408&0		0.155748128891	0.139241303883	56.8104519844	463.810451984	0.151122128891		0.0	0.0
409&0		0.125811100006	0.139211943797	56.9376850128	464.937685013	0.121126100006		0.0	0.0
410&0		0.13255906105	0.139199080118	57.0716228485	466.071622849	0.12796706105		0.0	0.0
411&0		0.123284101486	0.139163751672	57.1963019371	467.196301937	0.118390101486		0.0	0.0
412&0		0.12623500824	0.139135766955	57.3239359856	468.323935986	0.12287900824		0.0	0.0
413&0		0.125108003616	0.139104990347	57.4503610134	469.450361013	0.120365003616		0.0	0.0
414&0		0.124764919281	0.139073784801	57.5765469074	470.576546907	0.119806919281		0.0	0.0
415&0		0.127930879593	0.139050329737	57.7058868408	471.705886841	0.123142879593		0.0	0.0
416&0		0.125901937485	0.13902219213	57.833231926	472.833231926	0.121290937485		0.0	0.0
417&0		0.136744022369	0.139020102773	57.9713828564	473.971382856	0.132041022369		0.0	0.0
418&0		0.123854875565	0.138987205245	58.0966517925	475.096651793	0.118825875565		0.0	0.0
419&0		0.128633022308	0.138966288373	58.2268748283	476.226874828	0.122917022308		0.0	0.0
420&0		0.123430967331	0.138932918935	58.3518259525	477.351825953	0.118315967331		0.0	0.0
421&0		0.127743005753	0.138909731228	58.4809968472	478.480996847	0.123100005753		0.0	0.0
422&0		0.124141931534	0.138878073173	58.6065468788	479.606546879	0.119239931534		0.0	0.0
423&0		0.126502037048	0.138852136919	58.7344539165	480.734453917	0.121845037048		0.0	0.0
424&0		0.123180150986	0.138818530542	58.8590569496	481.85905695	0.118537150986		0.0	0.0
425&0		0.123291969299	0.138785244437	58.9837288857	482.983728886	0.120443969299		0.0	0.0
426&0		0.124907016754	0.138755732299	59.1099419594	484.109941959	0.120196016754		0.0	0.0
427&0		0.12348484993	0.138723282959	59.2348418236	485.234841824	0.11830684993		0.0	0.0
428&0		0.126555204391	0.138698268717	59.3628590107	486.362859011	0.121685204391		0.0	0.0
429&0		0.124019861221	0.138667353939	59.4882948399	487.48829484	0.119437861221		0.0	0.0
430&0		0.12667798996	0.13864276021	59.6163868904	488.61638689	0.12171998996		0.0	0.0
431&0		0.130686998367	0.138627561228	59.7484788895	489.748478889	0.125896998367		0.0	0.0
432&0		0.267842054367	0.138929921168	60.0177259445	491.017725945	0.262931054367		0.0	0.0
433&0		0.127956867218	0.138907833408	60.1470918655	492.147091866	0.122682867218		0.0	0.0
434&0		0.128840208054	0.138887923983	60.2773590088	493.277359009	0.123903208054		0.0	0.0
435&0		0.124762058258	0.13885871953	60.4035429955	494.403542995	0.120078058258		0.0	0.0
436&0		0.124638080597	0.138829382735	60.5296108723	495.529610872	0.119979080597		0.0	0.0
437&0		0.123905181885	0.138798448532	60.6549220085	496.654922009	0.119299181885		0.0	0.0
438&0		0.125952005386	0.138772337948	60.7822840214	497.782284021	0.121328005386		0.0	0.0
439&0		0.121471166611	0.138736079657	60.9051389694	498.905138969	0.118657166611		0.0	0.0
440&0		0.126125812531	0.138710565459	61.0326488018	500.032648802	0.121512812531		0.0	0.0
441&0		0.124894142151	0.138682421643	61.1589479446	501.158947945	0.120221142151		0.0	0.0
442&0		0.126935958862	0.138659038155	61.2872948647	502.287294865	0.121883958862		0.0	0.0
443&0		0.13432097435	0.138652505509	61.4230599403	503.42305994	0.12953097435		0.0	0.0
444&0		0.124303817749	0.138623373465	61.5487778187	504.548777819	0.119642817749		0.0	0.0
445&0		0.129504919052	0.138606031289	61.6796839237	505.679683924	0.124758919052		0.0	0.0
446&0		0.126025915146	0.138580948248	61.8071029186	506.807102919	0.121343915146		0.0	0.0
447&0		0.122714996338	0.138548606194	61.9312269688	507.931226969	0.118098996338		0.0	0.0
448&0		0.124690055847	0.138520857053	62.0573439598	509.05734396	0.119968055847		0.0	0.0
449&0		0.125118017197	0.138494133684	62.183866024	510.183866024	0.120508017197		0.0	0.0
450&0		0.127201795578	0.138472186195	62.3124837875	511.312483788	0.122327795578		0.0	0.0
451&0		0.123546123505	0.13844226152	62.4374599457	512.437459946	0.118801123505		0.0	0.0
452&0		0.123832941055	0.138413068468	62.5627069473	513.562706947	0.119231941055		0.0	0.0
453&0		0.123589992523	0.138383474308	62.6877138615	514.687713861	0.118818992523		0.0	0.0
454&0		0.1228120327	0.138352336863	62.8119609356	515.811960936	0.1181880327		0.0	0.0
455&0		0.123712062836	0.138323281362	62.9370930195	516.937093019	0.118881062836		0.0	0.0
456&0		0.124068021774	0.138295131294	63.0625798702	518.06257987	0.119514021774		0.0	0.0
457&0		0.122876167297	0.138264557987	63.1869029999	519.186903	0.118045167297		0.0	0.0
458&0		0.126410007477	0.138241764239	63.3147280216	520.314728022	0.121553007477		0.0	0.0
459&0		0.128813028336	0.138224311384	63.4449589252	521.444958925	0.124133028336		0.0	0.0
460&0		0.126142978668	0.138201199925	63.5725519657	522.572551966	0.121539978668		0.0	0.0
461&0		0.123831033707	0.13817308006	63.6977899075	523.697789907	0.119093033707		0.0	0.0
462&0		0.12677192688	0.138151633791	63.8260548115	524.826054811	0.12205192688		0.0	0.0
463&0		0.123467922211	0.138122945831	63.9509239197	525.95092392	0.118814922211		0.0	0.0
464&0		0.126827955246	0.138101674359	64.0791769028	527.079176903	0.122204955246		0.0	0.0
465&0		0.1241710186	0.138074926663	64.2048408985	528.204840899	0.1191500186		0.0	0.0
466&0		0.124238014221	0.138048433439	64.3305699825	529.330569983	0.119187014221		0.0	0.0
467&0		0.124039173126	0.138021441037	64.4560129642	530.456012964	0.119315173126		0.0	0.0
468&0		0.184639930725	0.138124044634	64.6420528889	531.642052889	0.181762930725		0.0	0.0
469&0		0.128165006638	0.138105571397	64.7715129852	532.771512985	0.123497006638		0.0	0.0
470&0		0.149030208588	0.138131834091	64.9219620228	533.921962023	0.144385208588		0.0	0.0
471&0		0.126726150513	0.138110586033	65.0500860214	535.050086021	0.122141150513		0.0	0.0
472&0		0.127693891525	0.138091484874	65.1791808605	536.179180861	0.123042891525		0.0	0.0
473&0		0.127683877945	0.138072477587	65.3082818985	537.308281898	0.122611877945		0.0	0.0
474&0		0.126164913177	0.138050320279	65.4358518124	538.435851812	0.121411913177		0.0	0.0
475&0		0.121226072311	0.13801784415	65.5584759712	539.558475971	0.116537072311		0.0	0.0
476&0		0.190897941589	0.138131877955	65.7507739067	540.750773907	0.186202941589		0.0	0.0
477&0		0.141923904419	0.13814280468	65.8941178322	541.894117832	0.137269904419		0.0	0.0
478&0		0.12787103653	0.138124248972	66.0233910084	543.023391008	0.12325803653		0.0	0.0
479&0		0.124090909958	0.138097886999	66.1488878727	544.148887873	0.119126909958		0.0	0.0
480&0		0.131100893021	0.138086264332	66.2814068794	545.281406879	0.127835893021		0.0	0.0
481&0		0.12541103363	0.13806280029	66.4082069397	546.40820694	0.12244903363		0.0	0.0
482&0		0.13329911232	0.138055578802	66.5427889824	547.542788982	0.13043611232		0.0	0.0
483&0		0.13175702095	0.138045270991	66.6758658886	548.675865889	0.12682602095		0.0	0.0
484&0		0.122596979141	0.13801628696	66.7998828888	549.799882889	0.117932979141		0.0	0.0
485&0		0.20684504509	0.138161088511	67.0081279278	551.008127928	0.20199704509		0.0	0.0
486&0		0.130234956741	0.138147637677	67.1397519112	552.139751911	0.125295956741		0.0	0.0
487&0		0.127551078796	0.138128831401	67.2687408924	553.268740892	0.122656078796		0.0	0.0
488&0		0.130604028702	0.138116290823	67.4007499218	554.400749922	0.125879028702		0.0	0.0
489&0		0.135634183884	0.138114071575	67.5377810001	555.537781	0.130944183884		0.0	0.0
490&0		0.123131036758	0.13808634865	67.6623108387	556.662310839	0.118616036758		0.0	0.0
491&0		0.121276855469	0.138054905987	67.7849588394	557.784958839	0.118400855469		0.0	0.0
492&0		0.131927013397	0.138045046388	67.9181628227	558.918162823	0.129063013397		0.0	0.0
493&0		0.122339963913	0.138015815259	68.0417969227	560.041796923	0.117721963913		0.0	0.0
494&0		0.128093957901	0.137998532187	68.1712749004	561.1712749	0.123495957901		0.0	0.0
495&0		0.121984958649	0.137969028107	68.2946689129	562.294668913	0.117275958649		0.0	0.0
496&0		0.126204967499	0.137948225583	68.4223198891	563.422319889	0.121556967499		0.0	0.0
497&0		0.123211145401	0.137921382244	68.5469269753	564.546926975	0.118496145401		0.0	0.0
498&0		0.127796888351	0.137903853114	68.6761188507	565.676118851	0.123101888351		0.0	0.0
499&0		0.195921897888	0.138022871438	68.8734128475	566.873412848	0.191395897888		0.0	0.0
500&0		0.130769014359	0.138011171818	69.0055859089	568.005585909	0.126088014359		0.0	0.0
501&0		0.126824855804	0.137991678215	69.1338307858	569.133830786	0.122172855804		0.0	0.0
502&0		0.127436876297	0.137973503763	69.2626988888	570.262698889	0.122330876297		0.0	0.0
503&0		0.123706817627	0.137947908216	69.3877978325	571.387797832	0.118944817627		0.0	0.0
504&0		0.126024007797	0.137927039275	69.5152277946	572.515227795	0.121339007797		0.0	0.0
505&0		0.124875068665	0.137904257349	69.6416499615	573.641649961	0.120193068665		0.0	0.0
506&0		0.127894878387	0.137887250765	69.7709488869	574.770948887	0.123177878387		0.0	0.0
507&0		0.124855995178	0.137864331052	69.8972158432	575.897215843	0.119981995178		0.0	0.0
508&0		0.126569032669	0.137844889652	70.0252039433	577.025203943	0.121916032669		0.0	0.0
509&0		0.128758192062	0.137830127667	70.1555349827	578.155534983	0.124076192062		0.0	0.0
510&0		0.12592291832	0.137809546789	70.2828688622	579.282868862	0.12103091832		0.0	0.0
511&0		0.132508993149	0.137802126823	70.4168868065	580.416886806	0.127448993149		0.0	0.0
512&0		0.124561071396	0.137779050507	70.5428738594	581.542873859	0.119893071396		0.0	0.0
513&0		0.127202987671	0.137761184811	70.6714878082	582.671487808	0.122551987671		0.0	0.0
514&0		0.125788927078	0.137740612494	70.7986748219	583.798674822	0.121094927078		0.0	0.0
515&0		0.128759145737	0.137725899057	70.9288380146	584.928838015	0.124067145737		0.0	0.0
516&0		0.125945091248	0.137705815855	71.0562009811	586.056200981	0.121162091248		0.0	0.0
517&0		0.125773906708	0.137685465859	71.183385849	587.183385849	0.121109906708		0.0	0.0
518&0		0.127676010132	0.137668854942	71.3124668598	588.31246686	0.122798010132		0.0	0.0
519&0		0.124047994614	0.137645358065	71.437940836	589.437940836	0.119378994614		0.0	0.0
520&0		0.122842073441	0.137619619186	71.5622019768	590.562201977	0.118216073441		0.0	0.0
521&0		0.12776184082	0.137601577389	71.6904218197	591.69042182	0.12291284082		0.0	0.0
522&0		0.126571893692	0.137583153001	71.8184058666	592.818405867	0.121887893692		0.0	0.0
523&0		0.127984046936	0.137567508289	71.9478068352	593.947806835	0.123306046936		0.0	0.0
524&0		0.133759975433	0.137562959704	72.0829908848	595.082990885	0.129235975433		0.0	0.0
525&0		0.148771047592	0.137586994171	72.2331719398	596.23317194	0.143197047592		0.0	0.0
526&0		0.124574899673	0.137565307744	72.3593518734	597.359351873	0.120788899673		0.0	0.0
527&0		0.12700009346	0.137547730495	72.4876539707	598.487653971	0.12226409346		0.0	0.0
528&0		0.131695985794	0.137539338885	72.6207709312	599.620770931	0.127055985794		0.0	0.0
529&0		0.123986005783	0.137516375976	72.7461628914	600.746162891	0.119235005783		0.0	0.0
530&0		0.129875898361	0.137504667606	72.8774738312	601.877473831	0.125158898361		0.0	0.0
531&0		0.123616933823	0.137481186125	73.0025098324	603.002509832	0.119011933823		0.0	0.0
532&0		0.132084846497	0.137473725287	73.1360218525	604.136021852	0.127364846497		0.0	0.0
533&0		0.130669116974	0.137463613478	73.2681059837	605.268105984	0.125808116974		0.0	0.0
534&0		0.123808860779	0.137440645739	73.3933048248	606.393304825	0.119296860779		0.0	0.0
535&0		0.126373052597	0.137422532679	73.5210549831	607.521054983	0.121875052597		0.0	0.0
536&0		0.121734857559	0.13739580005	73.6441488266	608.644148827	0.119036857559		0.0	0.0
537&0		0.123564004898	0.137372404059	73.7689809799	609.76898098	0.120769004898		0.0	0.0
538&0		0.248995065689	0.137582239608	74.0192449093	611.019244909	0.244447065689		0.0	0.0
539&0		0.126069068909	0.137563421023	74.1466839314	612.146683931	0.121272068909		0.0	0.0
540&0		0.12658405304	0.137545681441	74.2746679783	613.274667978	0.12192605304		0.0	0.0
541&0		0.125547885895	0.13752607365	74.4016058445	614.401605844	0.121013885895		0.0	0.0
542&0		0.129451990128	0.137513752793	74.5324540138	615.532454014	0.125009990128		0.0	0.0
543&0		0.135208845139	0.137512106483	74.6690738201	616.66907382	0.130583845139		0.0	0.0
544&0		0.124873876572	0.137491459356	74.7953538895	617.795353889	0.120227876572		0.0	0.0
545&0		0.131676912308	0.13748349881	74.9285068512	618.928506851	0.127193912308		0.0	0.0
546&0		0.123966932297	0.137461245278	75.053839922	620.053839922	0.119491932297		0.0	0.0
547&0		0.123829126358	0.137438840796	75.1790459156	621.179045916	0.119282126358		0.0	0.0
548&0		0.126566171646	0.137422131361	75.3073279858	622.307327986	0.121693171646		0.0	0.0
549&0		0.127102851868	0.137405895796	75.435836792	623.435836792	0.122436851868		0.0	0.0
550&0		0.132318019867	0.137399325371	75.5696289539	624.569628954	0.127686019867		0.0	0.0
551&0		0.125203132629	0.137379706014	75.6962180138	625.696218014	0.120652132629		0.0	0.0
552&0		0.129780054092	0.137368479933	75.8274009228	626.827400923	0.125070054092		0.0	0.0
553&0		0.125904083252	0.13735023502	75.954679966	627.954679966	0.121398083252		0.0	0.0
554&0		0.127785921097	0.137335398567	76.0838108063	629.083810806	0.123524921097		0.0	0.0
555&0		0.124246835709	0.137314295124	76.209433794	630.209433794	0.119197835709		0.0	0.0
556&0		0.123965024948	0.13729289367	76.3348488808	631.334848881	0.120852024948		0.0	0.0
557&0		0.124261856079	0.137271953014	76.460477829	632.460477829	0.119756856079		0.0	0.0
558&0		0.124507904053	0.137252017589	76.5866258144	633.586625814	0.119639904053		0.0	0.0
559&0		0.123913049698	0.137230627865	76.7119209766	634.711920977	0.119461049698		0.0	0.0
560&0		0.131821155548	0.137223437428	76.8451249599	635.84512496	0.127147155548		0.0	0.0
561&0		0.133953809738	0.137220286643	76.9805808067	636.980580807	0.129523809738		0.0	0.0
562&0		0.127655029297	0.137205693645	77.1095998287	638.109599829	0.123307029297		0.0	0.0
563&0		0.12785410881	0.137191568344	77.2388529778	639.238852978	0.12281410881		0.0	0.0
564&0		0.128299951553	0.137178294202	77.36855793	640.36855793	0.123304951553		0.0	0.0
565&0		0.1294028759	0.137166998028	77.4993538857	641.499353886	0.1248548759		0.0	0.0
566&0		0.127382993698	0.137152167597	77.6281268597	642.62812686	0.122775993698		0.0	0.0
567&0		0.124619007111	0.137132490333	77.7541220188	643.754122019	0.120119007111		0.0	0.0
568&0		0.124561071396	0.137112853812	77.8801009655	644.880100965	0.119858071396		0.0	0.0
569&0		0.125636100769	0.137095137095	78.007133007	646.007133007	0.121031100769		0.0	0.0
570&0		0.128025054932	0.1370816419	78.1365358829	647.136535883	0.123469054932		0.0	0.0
571&0		0.125916004181	0.137064486585	78.2638218403	648.26382184	0.121045004181		0.0	0.0
572&0		0.121547937393	0.137039777699	78.3867528439	649.386752844	0.118364937393		0.0	0.0
573&0		0.123632907867	0.137018638548	78.5116798878	650.511679888	0.119157907867		0.0	0.0
574&0		0.123605012894	0.136997808147	78.6367418766	651.636741877	0.119061012894		0.0	0.0
575&0		0.125754117966	0.13698064348	78.7638700008	652.763870001	0.121303117966		0.0	0.0
576&0		0.128880023956	0.13696901376	78.894151926	653.894151926	0.124141023956		0.0	0.0
577&0		0.13076710701	0.136960739899	79.0263469219	655.026346922	0.12618310701		0.0	0.0
578&0		0.123042106628	0.13693902938	79.1507589817	656.150758982	0.118586106628		0.0	0.0
579&0		0.125254869461	0.136921258788	79.2774088383	657.277408838	0.121819869461		0.0	0.0
580&0		0.125025033951	0.136902965348	79.403719902	658.403719902	0.122008033951		0.0	0.0
581&0		0.124182939529	0.136883359358	79.5292317867	659.529231787	0.119619939529		0.0	0.0
582&0		0.138894081116	0.136889190608	79.669508934	660.669508934	0.134370081116		0.0	0.0
583&0		0.129880189896	0.13687953859	79.800770998	661.800770998	0.125413189896		0.0	0.0
584&0		0.123030900955	0.136858196699	79.9251868725	662.925186872	0.118532900955		0.0	0.0
585&0		0.122562170029	0.136836471721	80.0493359566	664.049335957	0.118003170029		0.0	0.0
586&0		0.128618001938	0.136824795004	80.1793298721	665.179329872	0.124048001938		0.0	0.0
587&0		0.125333070755	0.136807601334	80.3060619831	666.306061983	0.120445070755		0.0	0.0
588&0		0.130132913589	0.136798606843	80.4375808239	667.437580824	0.125618913589		0.0	0.0
589&0		0.123414039612	0.136778266402	80.5623989105	668.562398911	0.118953039612		0.0	0.0
590&0		0.12594294548	0.136762230275	80.6897158623	669.689715862	0.12147994548		0.0	0.0
591&0		0.129578113556	0.136752443265	80.8206939697	670.82069397	0.125023113556		0.0	0.0
592&0		0.312963962555	0.137052415191	81.1350297928	672.135029793	0.308144962555		0.0	0.0
593&0		0.125741004944	0.13703568629	81.2621619701	673.26216197	0.122655004944		0.0	0.0
594&0		0.138077974319	0.137039610834	81.4015288353	674.401528835	0.133599974319		0.0	0.0
595&0		0.130623102188	0.137031290711	81.5336179733	675.533617973	0.126158102188		0.0	0.0
596&0		0.123682975769	0.137011354002	81.6587669849	676.658766985	0.119171975769		0.0	0.0
597&0		0.126553058624	0.136996150616	81.7867019176	677.786701918	0.122088058624		0.0	0.0
598&0		0.124284029007	0.136977252354	81.9123969078	678.912396908	0.119811029007		0.0	0.0
599&0		0.127155065536	0.136963148547	82.0409259796	680.04092598	0.122710065536		0.0	0.0
600&0		0.132215023041	0.136957543294	82.1745259762	681.174525976	0.127786023041		0.0	0.0
601&0		0.128244161606	0.136945379356	82.3041729927	682.304172993	0.123492161606		0.0	0.0
602&0		0.126630067825	0.136930582927	82.4322109222	683.432210922	0.122122067825		0.0	0.0
603&0		0.120831012726	0.136906145817	82.5544059277	684.554405928	0.118089012726		0.0	0.0
604&0		0.127686023712	0.136893253058	82.683524847	685.683524847	0.124747023712		0.0	0.0
605&0		0.139914989471	0.136900343777	82.8247079849	686.824707985	0.137210989471		0.0	0.0
606&0		0.122584104538	0.13687881188	82.9485599995	687.948559999	0.118245104538		0.0	0.0
607&0		0.125980854034	0.136863139748	83.075925827	689.075925827	0.121402854034		0.0	0.0
608&0		0.122641086578	0.136842034365	83.1999568939	690.199956894	0.117968086578		0.0	0.0
609&0		0.124859809875	0.136824713943	83.3262507915	691.326250792	0.119982809875		0.0	0.0
610&0		0.124749183655	0.136807195085	83.4523890018	692.452389002	0.120184183655		0.0	0.0
611&0		0.125221014023	0.136790512041	83.5790028572	693.579002857	0.120709014023		0.0	0.0
612&0		0.127331972122	0.136777316823	83.7077178955	694.707717896	0.122785972122		0.0	0.0
613&0		0.123705863953	0.136758281978	83.8328268528	695.832826853	0.119235863953		0.0	0.0
614&0		0.122256040573	0.136736916797	83.9564669132	696.956466913	0.117742040573		0.0	0.0
615&0		0.124935150146	0.136719947908	84.0827679634	698.082767963	0.120414150146		0.0	0.0
616&0		0.136930942535	0.136722532186	84.2210798264	699.221079826	0.132229942535		0.0	0.0
617&0		0.123546123505	0.136703777931	84.3462309837	700.346230984	0.118514123505		0.0	0.0
618&0		0.126610040665	0.13668970537	84.4742379189	701.474237919	0.122146040665		0.0	0.0
619&0		0.124909162521	0.13667295476	84.6005589962	702.600558996	0.120441162521		0.0	0.0
620&0		0.127551794052	0.136660459349	84.7294847965	703.729484797	0.123040794052		0.0	0.0
621&0		0.123667001724	0.13664178879	84.8545508385	704.854550838	0.119250001724		0.0	0.0
622&0		0.126188993454	0.136627295776	84.9821779728	705.982177973	0.121694993454		0.0	0.0
623&0		0.125551939011	0.136611760524	85.1091268063	707.109126806	0.121113939011		0.0	0.0
624&0		0.125586986542	0.136596330083	85.236109972	708.236109972	0.120480986542		0.0	0.0
625&0		0.124870061874	0.136579854202	85.3624088764	709.362408876	0.120036061874		0.0	0.0
626&0		0.123533964157	0.136561258532	85.4873478413	710.487347841	0.118951964157		0.0	0.0
627&0		0.125732183456	0.136546164228	85.6144449711	711.614444971	0.122948183456		0.0	0.0
628&0		0.124279022217	0.136528687872	85.7400159836	712.740015984	0.119877022217		0.0	0.0
629&0		0.129876852036	0.136520371718	85.8713138103	713.87131381	0.125222852036		0.0	0.0
630&0		0.126558065414	0.136506764851	85.9992618561	714.999261856	0.122099065414		0.0	0.0
631&0		0.124700069427	0.136490232782	86.1253368855	716.125336885	0.120257069427		0.0	0.0
632&0		0.3861079216	0.13688765636	86.5129988194	717.512998819	0.3809749216		0.0	0.0
633&0		0.123498916626	0.136868736002	86.6379098892	718.637909889	0.118976916626		0.0	0.0
634&0		0.13047003746	0.136860827918	86.7697649002	719.7697649	0.12593203746		0.0	0.0
635&0		0.127044916153	0.136847565118	86.8982038498	720.89820385	0.122473916153		0.0	0.0
636&0		0.133115053177	0.136843848903	87.0326879025	722.032687902	0.128756053177		0.0	0.0
637&0		0.125697851181	0.13682852248	87.1597688198	723.15976882	0.121164851181		0.0	0.0
638&0		0.123516082764	0.136809833745	87.2846739292	724.284673929	0.120377082764		0.0	0.0
639&0		0.126233100891	0.136795331615	87.4122169018	725.412216902	0.121719100891		0.0	0.0
640&0		0.125264883041	0.13677947633	87.538864851	726.538864851	0.120830883041		0.0	0.0
641&0		0.128668069839	0.136768982675	87.6689178944	727.668917894	0.124116069839		0.0	0.0
642&0		0.122760057449	0.1367493114	87.7930579185	728.793057919	0.118272057449		0.0	0.0
643&0		0.12494802475	0.136733119632	87.9193959236	729.919395924	0.12044302475		0.0	0.0
644&0		0.298722982407	0.136986808747	88.2195048332	731.219504833	0.293791982407		0.0	0.0
645&0		0.123970031738	0.136968813756	88.3448848724	732.344884872	0.120729031738		0.0	0.0
646&0		0.124693155289	0.136951803423	88.4708650112	733.470865011	0.120058155289		0.0	0.0
647&0		0.122899055481	0.136932241124	88.5951600075	734.595160007	0.118387055481		0.0	0.0
648&0		0.128062009811	0.136920939625	88.724768877	735.724768877	0.123610009811		0.0	0.0
649&0		0.12631893158	0.136906687027	88.8524398804	736.85243988	0.12364793158		0.0	0.0
650&0		0.125173091888	0.136890687576	88.9789469242	737.978946924	0.122040091888		0.0	0.0
651&0		0.12531709671	0.13687488011	89.1055469513	739.105546951	0.12068709671		0.0	0.0
652&0		0.123943090439	0.136857173194	89.2308769226	740.230876923	0.119000090439		0.0	0.0
653&0		0.122593164444	0.13683755438	89.3549230099	741.35492301	0.117704164444		0.0	0.0
654&0		0.138612031937	0.136842379147	89.4949159622	742.494915962	0.133918031937		0.0	0.0
655&0		0.130766153336	0.136835204554	89.6270589828	743.627058983	0.126248153336		0.0	0.0
656&0		0.12474322319	0.136818911608	89.7532060146	744.753206015	0.12024422319		0.0	0.0
657&0		0.128998994827	0.136809133866	89.8836009502	745.88360095	0.124545994827		0.0	0.0
658&0		0.126135110855	0.136795001552	90.011111021	747.011111021	0.121470110855		0.0	0.0
659&0		0.126610994339	0.136781621956	90.1390888691	748.139088869	0.122042994339		0.0	0.0
660&0		0.128879070282	0.136771751534	90.2693560123	749.269356012	0.124098070282		0.0	0.0
661&0		0.126379966736	0.136758163368	90.3971459866	750.397145987	0.121769966736		0.0	0.0
662&0		0.126570940018	0.136744889608	90.5251169205	751.52511692	0.121936940018		0.0	0.0
663&0		0.128312110901	0.136734410109	90.6549139023	752.654913902	0.123564110901		0.0	0.0
664&0		0.125463962555	0.13671949829	90.7817468643	753.781746864	0.120971962555		0.0	0.0
665&0		0.128901004791	0.136709803029	90.9120190144	754.912019014	0.124506004791		0.0	0.0
666&0		0.126696109772	0.136696834822	91.0400919914	756.040091991	0.122064109772		0.0	0.0
667&0		0.126880884171	0.136684178234	91.1683468819	757.168346882	0.122391884171		0.0	0.0
668&0		0.124136924744	0.136667466806	91.2938678265	758.293867826	0.121073924744		0.0	0.0
669&0		0.127380132675	0.136655514194	91.4225389957	759.422538996	0.122802132675		0.0	0.0
670&0		0.126928806305	0.13664307879	91.5508627892	760.550862789	0.122313806305		0.0	0.0
671&0		0.12491607666	0.136627652784	91.6771550179	761.677155018	0.12024907666		0.0	0.0
672&0		0.135552883148	0.136628106946	91.8140878677	762.814087868	0.131056883148		0.0	0.0
673&0		0.145149946213	0.136642799335	91.9606039524	763.960603952	0.142445946213		0.0	0.0
674&0		0.126069068909	0.136629001323	92.0879468918	765.087946892	0.121615068909		0.0	0.0
675&0		0.123864889145	0.13661213451	92.213190794	766.213190794	0.118926889145		0.0	0.0
676&0		0.124579191208	0.136596405295	92.3391699791	767.339169979	0.119823191208		0.0	0.0
677&0		0.126970052719	0.136584246704	92.4675350189	768.467535019	0.122405052719		0.0	0.0
678&0		0.124795913696	0.136568881769	92.5937018394	769.593701839	0.120322913696		0.0	0.0
679&0		0.125742912292	0.136554964512	92.7208209038	770.720820904	0.121142912292		0.0	0.0
680&0		0.124880075455	0.136539855775	92.8471019268	771.847101927	0.120346075455		0.0	0.0
681&0		0.130102157593	0.136532430257	92.9785850048	772.978585005	0.125632157593		0.0	0.0
682&0		0.159554004669	0.136568202301	93.1395139694	774.139513969	0.155095004669		0.0	0.0
683&0		0.128754138947	0.13655877602	93.269644022	775.269644022	0.125624138947		0.0	0.0
684&0		0.123156070709	0.13654106716	93.3940899372	776.394089937	0.120327070709		0.0	0.0
685&0		0.126564979553	0.136528502068	93.5220239162	777.522023916	0.121981979553		0.0	0.0
686&0		0.126368045807	0.136515692441	93.6497650146	778.649765015	0.121838045807		0.0	0.0
687&0		0.127711057663	0.136504879164	93.7788519859	779.778851986	0.123234057663		0.0	0.0
688&0		0.124725103378	0.136489795044	93.9049789906	780.904978991	0.120236103378		0.0	0.0
689&0		0.128926038742	0.136480808258	94.0352768898	782.03527689	0.124448038742		0.0	0.0
690&0		0.125936031342	0.136467708712	94.1627190113	783.162719011	0.121505031342		0.0	0.0
691&0		0.130861997604	0.136461606074	94.2949697971	784.294969797	0.126155997604		0.0	0.0
692&0		0.124841928482	0.13644686393	94.4212298393	785.421229839	0.120393928482		0.0	0.0
693&0		0.124744176865	0.136431982679	94.5473639965	786.547363997	0.120189176865		0.0	0.0
694&0		0.124832868576	0.13641723604	94.6735618114	787.673561811	0.122192868576		0.0	0.0
695&0		0.132467985153	0.13641336393	94.8072879314	788.807287931	0.129729985153		0.0	0.0
696&0		0.122967004776	0.136395860335	94.9315187931	789.931518793	0.120257004776		0.0	0.0
697&0		0.285873889923	0.136612248044	95.218736887	791.218736887	0.280707889923		0.0	0.0
698&0		0.125555992126	0.136598402586	95.3456850052	792.345685005	0.120640992126		0.0	0.0
699&0		0.130278110504	0.1365913533	95.477355957	793.477355957	0.125556110504		0.0	0.0
700&0		0.154960155487	0.136619554247	95.633687973	794.633687973	0.152230155487		0.0	0.0
701&0		0.123388051987	0.136602539139	95.7583799362	795.758379936	0.118894051987		0.0	0.0
702&0		0.123776912689	0.136586264667	95.8835577965	796.883557796	0.119330912689		0.0	0.0
703&0		0.125010967255	0.136571750871	96.0099408627	798.009940863	0.120309967255		0.0	0.0
704&0		0.12381696701	0.136555595154	96.1351389885	799.135138988	0.11932296701		0.0	0.0
705&0		0.131922006607	0.136551238121	96.2686228752	800.268622875	0.127183006607		0.0	0.0
706&0		0.119231939316	0.136528634485	96.3892159462	801.389215946	0.116461939316		0.0	0.0
707&0		0.12415599823	0.136512967451	96.5146679878	802.514667988	0.11940199823		0.0	0.0
708&0		0.12668800354	0.136501081919	96.6427659988	803.642765999	0.12219400354		0.0	0.0
709&0		0.125251054764	0.136487153757	96.7693920135	804.769392014	0.120850054764		0.0	0.0
710&0		0.123699903488	0.136471132158	96.8945038319	805.894503832	0.119165903488		0.0	0.0
711&0		0.124556064606	0.136456348725	97.0204639435	807.020463943	0.119892064606		0.0	0.0
712&0		0.12516617775	0.136442425546	97.1470069885	808.147006989	0.12058917775		0.0	0.0
713&0		0.127749919891	0.136432176553	97.2761418819	809.276141882	0.122975919891		0.0	0.0
714&0		0.127823829651	0.136422083825	97.4053678513	810.405367851	0.123242829651		0.0	0.0
715&0		0.129698991776	0.136414747972	97.5365447998	811.5365448	0.124943991776		0.0	0.0
716&0		0.124748945236	0.136400399261	97.6626858711	812.662685871	0.120239945236		0.0	0.0
717&0		0.121745109558	0.136381860557	97.7857940197	813.78579402	0.118903109558		0.0	0.0
718&0		0.124024152756	0.136366417813	97.9110879898	814.91108799	0.121334152756		0.0	0.0
719&0		0.137323141098	0.136369507568	98.0496759415	816.049675941	0.132888141098		0.0	0.0
720&0		0.124982833862	0.136355613669	98.1760418415	817.176041842	0.120459833862		0.0	0.0
721&0		0.12717294693	0.136344808481	98.3046069145	818.304606915	0.12195394693		0.0	0.0
722&0		0.126009225845	0.136332506949	98.4320700169	819.432070017	0.120971225845		0.0	0.0
723&0		0.128699064255	0.136323995775	98.5622489452	820.562248945	0.123541064255		0.0	0.0
724&0		0.124794006348	0.136310154562	98.6885519028	821.688551903	0.119787006348		0.0	0.0
725&0		0.130248069763	0.136304306162	98.8206219673	822.820621967	0.125096069763		0.0	0.0
726&0		0.124017953873	0.136289340077	98.9460608959	823.946060896	0.119126953873		0.0	0.0
727&0		0.127145051956	0.136279269459	99.0750288963	825.075028896	0.121963051956		0.0	0.0
728&0		0.133008956909	0.136276928278	99.2096037865	826.209603786	0.127535956909		0.0	0.0
729&0		0.127135038376	0.136266467666	99.3382549286	827.338254929	0.121713038376		0.0	0.0
730&0		0.123733043671	0.13625134246	99.4634799957	828.463479996	0.118735043671		0.0	0.0
731&0		0.134965181351	0.136251792047	99.6000599861	829.600059986	0.129758181351		0.0	0.0
732&0		0.127844810486	0.136242367205	99.7294127941	830.729412794	0.122864810486		0.0	0.0
733&0		0.128378152847	0.136234081784	99.8595819473	831.859581947	0.123430152847		0.0	0.0
734&0		0.13094496727	0.136228785853	99.9919288158	832.991928816	0.12610996727		0.0	0.0
735&0		0.127637147903	0.13621955372	100.121371984	834.121371984	0.122361147903		0.0	0.0
736&0		0.127285003662	0.136209497309	100.25019002	835.25019002	0.121950003662		0.0	0.0
737&0		0.126541137695	0.136197995945	100.377923012	836.377923012	0.121211137695		0.0	0.0
738&0		0.124939203262	0.13618471952	100.504323006	837.504323006	0.119982203262		0.0	0.0
739&0		0.131639003754	0.136180583131	100.637450933	838.637450933	0.128451003754		0.0	0.0
740&0		0.128871202469	0.136172475686	100.767632008	839.767632008	0.123765202469		0.0	0.0
741&0		0.126429080963	0.136161400722	100.895597935	840.895597935	0.121297080963		0.0	0.0
742&0		0.131014108658	0.136156982489	101.028481007	842.028481007	0.126046108658		0.0	0.0
743&0		0.127537965775	0.136147824784	101.157833815	843.157833815	0.121920965775		0.0	0.0
744&0		0.13050198555	0.136142217664	101.289809942	844.289809942	0.12578398555		0.0	0.0
745&0		0.126753091812	0.136131606646	101.418046951	845.418046951	0.122139091812		0.0	0.0
746&0		0.122526884079	0.136115245142	101.541972876	846.541972876	0.118015884079		0.0	0.0
747&0		0.127021789551	0.136104935463	101.670386791	847.670386791	0.122484789551		0.0	0.0
748&0		0.124895095825	0.136091810178	101.796674013	848.796674013	0.120401095825		0.0	0.0
749&0		0.127723932266	0.136082481797	101.925778866	849.925778866	0.123140932266		0.0	0.0
750&0		0.306692838669	0.136311818441	102.233863831	851.233863831	0.301637838669		0.0	0.0
751&0		0.126739025116	0.136301154303	102.362166882	852.362166882	0.121789025116		0.0	0.0
752&0		0.12505698204	0.136288061104	102.48862195	853.48862195	0.12056998204		0.0	0.0
753&0		0.129652023315	0.136281099611	102.619668007	854.619668007	0.125161023315		0.0	0.0
754&0		0.122831106186	0.136265102053	102.743886948	855.743886948	0.118382106186		0.0	0.0
755&0		0.129974126816	0.136258586669	102.875232935	856.875232935	0.125467126816		0.0	0.0
756&0		0.130452156067	0.136252882304	103.007179022	858.007179022	0.125894156067		0.0	0.0
757&0		0.125895023346	0.13624103822	103.134465933	859.134465933	0.121416023346		0.0	0.0
758&0		0.127380132675	0.136231170166	103.263226986	860.263226986	0.122390132675		0.0	0.0
759&0		0.125519037247	0.136218922254	103.390161991	861.390161991	0.120988037247		0.0	0.0
760&0		0.127931833267	0.136209819505	103.519462824	862.519462824	0.123435833267		0.0	0.0
761&0		0.125720024109	0.136197880283	103.646586895	863.646586895	0.121156024109		0.0	0.0
762&0		0.130848884583	0.136192674399	103.778817892	864.778817892	0.126290884583		0.0	0.0
763&0		0.124110221863	0.136178635676	103.904299021	865.904299021	0.119695221863		0.0	0.0
764&0		0.127871990204	0.136169566534	104.033548832	867.033548832	0.123405990204		0.0	0.0
765&0		0.126315116882	0.13615847974	104.161237001	868.161237001	0.121788116882		0.0	0.0
766&0		0.123766183853	0.136144140993	104.286412001	869.286412001	0.120257183853		0.0	0.0
767&0		0.125104904175	0.136131432719	104.412808895	870.412808895	0.120581904175		0.0	0.0
768&0		0.120057106018	0.136112292918	104.534240961	871.534240961	0.115583106018		0.0	0.0
769&0		0.119688987732	0.136092728229	104.655308008	872.655308008	0.115203987732		0.0	0.0
770&0		0.125019073486	0.136080367534	104.781883001	873.781883001	0.120523073486		0.0	0.0
771&0		0.125405073166	0.136068321542	104.908675909	874.908675909	0.120846073166		0.0	0.0
772&0		0.123548984528	0.13605388335	105.033597946	876.033597946	0.119115984528		0.0	0.0
773&0		0.134238004684	0.13605331696	105.16921401	877.16921401	0.129725004684		0.0	0.0
774&0		0.125189065933	0.13604107476	105.295791864	878.295791864	0.120294065933		0.0	0.0
775&0		0.128732919693	0.136033455326	105.425927877	879.425927877	0.124129919693		0.0	0.0
776&0		0.122225046158	0.136017486914	105.549569845	880.549569845	0.117784046158		0.0	0.0
777&0		0.124703884125	0.136004724404	105.675670862	881.675670862	0.120221884125		0.0	0.0
778&0		0.123613119125	0.135990615676	105.800698996	882.800698996	0.119147119125		0.0	0.0
779&0		0.12345790863	0.135976314239	105.925548792	883.925548792	0.11906890863		0.0	0.0
780&0		0.125223875046	0.135964333094	106.052179813	885.052179813	0.120762875046		0.0	0.0
781&0		0.134915113449	0.135964748954	106.188468933	886.188468933	0.130347113449		0.0	0.0
782&0		0.123675107956	0.135950787598	106.313515902	887.313515902	0.118983107956		0.0	0.0
783&0		0.122860908508	0.13593583515	106.437758923	888.437758923	0.118289908508		0.0	0.0
784&0		0.12279510498	0.135920848165	106.561944962	889.561944962	0.11825710498		0.0	0.0
785&0		0.124297142029	0.135907794867	106.687618971	890.687618971	0.119808142029		0.0	0.0
786&0		0.130738019943	0.135902969285	106.819733858	891.819733858	0.126261019943		0.0	0.0
787&0		0.127053022385	0.135893486658	106.948174	892.948174	0.122598022385		0.0	0.0
788&0		0.127183198929	0.135884214476	107.076761007	894.076761007	0.122656198929		0.0	0.0
789&0		0.125382900238	0.135872765337	107.203611851	895.203611851	0.120536900238		0.0	0.0
790&0		0.123782873154	0.135859401015	107.328926802	896.328926802	0.118990873154		0.0	0.0
791&0		0.125446081161	0.135847984765	107.455755949	897.455755949	0.120887081161		0.0	0.0
792&0		0.123861789703	0.135834629789	107.581026793	898.581026793	0.119365789703		0.0	0.0
793&0		0.128942966461	0.135827679652	107.711349964	899.711349964	0.124444966461		0.0	0.0
794&0		0.124646902084	0.135815354979	107.837391853	900.837391853	0.120095902084		0.0	0.0
795&0		0.132501125336	0.135812915646	107.971267939	901.971267939	0.128036125336		0.0	0.0
796&0		0.124284982681	0.135800135495	108.096907854	903.096907854	0.119867982681		0.0	0.0
797&0		0.13717508316	0.135803721331	108.235565901	904.235565901	0.13220408316		0.0	0.0
798&0		0.12443780899	0.135791275436	108.361437798	905.361437798	0.11959280899		0.0	0.0
799&0		0.123549938202	0.135777689489	108.486373901	906.486373901	0.118958938202		0.0	0.0
800&0		0.124428033829	0.135765272379	108.612217903	907.612217903	0.120016033829		0.0	0.0
801&0		0.127306938171	0.135756434275	108.740903854	908.740903854	0.122829938171		0.0	0.0
802&0		0.129954099655	0.135750962612	108.872272015	909.872272015	0.125514099655		0.0	0.0
803&0		0.352409124374	0.136022489365	109.22605896	911.22605896	0.347187124374		0.0	0.0
804&0		0.119990110397	0.136004445268	109.347573996	912.347573996	0.116969110397		0.0	0.0
805&0		0.134234905243	0.136003839599	109.483090878	913.483090878	0.129745905243		0.0	0.0
806&0		0.141135931015	0.136011941557	109.625624895	914.625624895	0.136618931015		0.0	0.0
807&0		0.121109008789	0.135995305899	109.748211861	915.748211861	0.118396008789		0.0	0.0
808&0		0.123116016388	0.135980925643	109.872587919	916.872587919	0.120380016388		0.0	0.0
809&0		0.127904176712	0.135972516646	110.001765966	918.001765966	0.123589176712		0.0	0.0
810&0		0.125080108643	0.135960801148	110.12824893	919.12824893	0.120602108643		0.0	0.0
811&0		0.126824855804	0.135951241494	110.256456852	920.256456852	0.122080855804		0.0	0.0
812&0		0.124102115631	0.135938416267	110.381994009	921.381994009	0.119636115631		0.0	0.0
813&0		0.124648094177	0.135926229927	110.508024931	922.508024931	0.120037094177		0.0	0.0
814&0		0.128592967987	0.135918939729	110.638016939	923.638016939	0.124008967987		0.0	0.0
815&0		0.127801179886	0.135910668695	110.767194986	924.767194986	0.123230179886		0.0	0.0
816&0		0.130094051361	0.135905270775	110.898700953	925.898700953	0.125708051361		0.0	0.0
817&0		0.128900051117	0.135898395151	111.028988838	927.028988838	0.124392051117		0.0	0.0
818&0		0.127511024475	0.135889823979	111.157876015	928.157876015	0.122947024475		0.0	0.0
819&0		0.127165079117	0.135880858325	111.286422968	929.286422968	0.122342079117		0.0	0.0
820&0		0.127784967422	0.13587266701	111.415586948	930.415586948	0.125047967422		0.0	0.0
821&0		0.127739906311	0.13586433593	111.544619799	931.544619799	0.123248906311		0.0	0.0
822&0		0.129024028778	0.135857700721	111.675029993	932.675029993	0.124519028778		0.0	0.0
823&0		0.124173879623	0.135845211268	111.800608873	933.800608873	0.119678879623		0.0	0.0
824&0		0.123615980148	0.135832072751	111.925627947	934.925627947	0.119071980148		0.0	0.0
825&0		0.126524925232	0.135822495547	112.053558826	936.053558826	0.121993925232		0.0	0.0
826&0		0.124873161316	0.135810921325	112.179821014	937.179821014	0.120390161316		0.0	0.0
827&0		0.129343032837	0.13580478953	112.310560942	938.310560942	0.124712032837		0.0	0.0
828&0		0.127712011337	0.135796683422	112.439653873	939.439653873	0.123302011337		0.0	0.0
829&0		0.127278804779	0.135788056474	112.568298817	940.568298817	0.124530804779		0.0	0.0
830&0		0.127017021179	0.135779014266	112.696581841	941.696581841	0.124185021179		0.0	0.0
831&0		0.13023686409	0.13577389631	112.828107834	942.828107834	0.12567686409		0.0	0.0
832&0		0.127712011337	0.135765856848	112.957192898	943.957192898	0.123186011337		0.0	0.0
833&0		0.12503194809	0.135754642223	113.083616972	945.083616972	0.12055994809		0.0	0.0
834&0		0.126168012619	0.1357448021	113.211164951	946.211164951	0.121236012619		0.0	0.0
835&0		0.122596979141	0.135730748262	113.335174799	947.335174799	0.117907979141		0.0	0.0
836&0		0.13227891922	0.135728550014	113.469067812	948.469067812	0.12701291922		0.0	0.0
837&0		0.126878023148	0.135719663069	113.597357988	949.597357988	0.121902023148		0.0	0.0
838&0		0.130703926086	0.135715367401	113.729477882	950.729477882	0.125717926086		0.0	0.0
839&0		0.124935150146	0.135704408812	113.855998993	951.855998993	0.119970150146		0.0	0.0
840&0		0.12700009346	0.135696223804	113.984827995	952.984827995	0.12219509346		0.0	0.0
841&0		0.123000860214	0.135682751251	114.109193802	954.109193802	0.118173860214		0.0	0.0
842&0		0.125645875931	0.135672605519	114.236333847	955.236333847	0.120102875931		0.0	0.0
843&0		0.123738050461	0.135660168398	114.361521959	956.361521959	0.118129050461		0.0	0.0
844&0		0.124882936478	0.135649133633	114.487868786	957.487868786	0.119734936478		0.0	0.0
845&0		0.129653930664	0.135643790318	114.619002819	958.619002819	0.124587930664		0.0	0.0
846&0		0.124849081039	0.135632670236	114.745239019	959.745239019	0.119845081039		0.0	0.0
847&0		0.129700183868	0.135627628076	114.876600981	960.876600981	0.124693183868		0.0	0.0
848&0		0.131079912186	0.135623885494	115.009054899	962.009054899	0.126470912186		0.0	0.0
849&0		0.126090049744	0.135614310895	115.13654995	963.13654995	0.121458049744		0.0	0.0
850&0		0.130609989166	0.135610044704	115.268537998	964.268537998	0.125692989166		0.0	0.0
851&0		0.134947061539	0.13561090011	115.404875994	965.404875994	0.130241061539		0.0	0.0
852&0		0.123641014099	0.1355984835	115.529907942	966.529907942	0.118967014099		0.0	0.0
853&0		0.124960899353	0.13558763636	115.656253815	967.656253815	0.120265899353		0.0	0.0
854&0		0.122429847717	0.13557382769	115.780048847	968.780048847	0.119653847717		0.0	0.0
855&0		0.124638080597	0.135562560154	115.905988932	969.905988932	0.119935080597		0.0	0.0
856&0		0.321132183075	0.135781057249	116.228585005	971.228585005	0.315959183075		0.0	0.0
857&0		0.122061014175	0.13576670344	116.352064848	972.352064848	0.118935014175		0.0	0.0
858&0		0.125355005264	0.13575607441	116.478711843	973.478711843	0.120800005264		0.0	0.0
859&0		0.122627019882	0.135742363191	116.602689981	974.602689981	0.119911019882		0.0	0.0
860&0		0.123170852661	0.135729210321	116.727120876	975.727120876	0.118523852661		0.0	0.0
861&0		0.12268781662	0.135715668764	116.851190805	976.851190805	0.11815081662		0.0	0.0
862&0		0.126038074493	0.135706030023	116.978597879	977.978597879	0.121485074493		0.0	0.0
863&0		0.126910924911	0.135697436637	117.106887817	979.106887817	0.122248924911		0.0	0.0
864&0		0.122742891312	0.135684070488	117.231036901	980.231036901	0.117527891312		0.0	0.0
865&0		0.123578071594	0.135671752588	117.356065989	981.356065989	0.118564071594		0.0	0.0
866&0		0.132776021957	0.135670034494	117.490249872	982.490249872	0.128209021957		0.0	0.0
867&0		0.131791830063	0.135667178595	117.623443842	983.623443842	0.127234830063		0.0	0.0
868&0		0.124907016754	0.135656381258	117.749738932	984.749738932	0.120359016754		0.0	0.0
869&0		0.125164985657	0.135645904256	117.876290798	985.876290798	0.120544985657		0.0	0.0
870&0		0.128180027008	0.135638927591	118.005867004	987.005867004	0.123478027008		0.0	0.0
871&0		0.131793022156	0.135636119426	118.13906002	988.13906002	0.127268022156		0.0	0.0
872&0		0.122848987579	0.135623069805	118.26331687	989.26331687	0.118107987579		0.0	0.0
873&0		0.123644828796	0.135610919638	118.388332844	990.388332844	0.118940828796		0.0	0.0
874&0		0.125615119934	0.135601049157	118.515316963	991.515316963	0.120982119934		0.0	0.0
875&0		0.133244037628	0.135600084577	118.650074005	992.650074005	0.128638037628		0.0	0.0
876&0		0.127269983292	0.135592144918	118.778718948	993.778718948	0.122677983292		0.0	0.0
877&0		0.132190942764	0.135589850533	118.912298918	994.912298918	0.127642942764		0.0	0.0
878&0		0.131013870239	0.135586201466	119.044684887	996.044684887	0.126472870239		0.0	0.0
879&0		0.128764867783	0.135580084023	119.174893856	997.174893856	0.124196867783		0.0	0.0
880&0		0.126142024994	0.135570908947	119.302399874	998.302399874	0.121312024994		0.0	0.0
881&0		0.142920970917	0.135580821692	119.446703911	999.446703911	0.138245970917		0.0	0.0
882&0		0.13400387764	0.135580736764	119.582209826	1000.58220983	0.12912387764		0.0	0.0
883&0		0.122886896133	0.135567926199	119.706478834	1001.70647883	0.118224896133		0.0	0.0
884&0		0.12460398674	0.135557127754	119.832500935	1002.83250093	0.12004098674		0.0	0.0
885&0		0.13481593132	0.135557860843	119.968706846	1003.96870685	0.13025393132		0.0	0.0
886&0		0.126972198486	0.135549711051	120.097043991	1005.09704399	0.122325198486		0.0	0.0
887&0		0.134636878967	0.135550232052	120.23305583	1006.23305583	0.129575878967		0.0	0.0
888&0		0.163780927658	0.135583632701	120.398265839	1007.39826584	0.159027927658		0.0	0.0
889&0		0.133399963379	0.135582737767	120.533053875	1008.53305387	0.128812963379		0.0	0.0
890&0		0.135545015335	0.13558425823	120.669989824	1009.66998982	0.130783015335		0.0	0.0
891&0		0.129011154175	0.13557845227	120.800400972	1010.80040097	0.124495154175		0.0	0.0
892&0		0.125791072845	0.135568999923	120.927547932	1011.92754793	0.122981072845		0.0	0.0
893&0		0.125114917755	0.135558704246	121.053922892	1013.05392289	0.120769917755		0.0	0.0
894&0		0.127757072449	0.135551509975	121.183049917	1014.18304992	0.123064072449		0.0	0.0
895&0		0.126870155334	0.135543347471	121.311295986	1015.31129599	0.121928155334		0.0	0.0
896&0		0.12487578392	0.135533032141	121.437596798	1016.4375968	0.12019178392		0.0	0.0
897&0		0.139553070068	0.135539073476	121.578548908	1017.57854891	0.134888070068		0.0	0.0
898&0		0.12409901619	0.135527891943	121.704046965	1018.70404696	0.11932501619		0.0	0.0
899&0		0.134144067764	0.135527889774	121.839572906	1019.83957291	0.129107067764		0.0	0.0
900&0		0.129218101501	0.135522406631	121.970165968	1020.97016597	0.124351101501		0.0	0.0
901&0		0.135874032974	0.13552436183	122.107450008	1022.10745001	0.130921032974		0.0	0.0
902&0		0.13547205925	0.135525916738	122.244376898	1023.2443769	0.13007205925		0.0	0.0
903&0		0.136966943741	0.13552919918	122.382866859	1024.38286686	0.131866943741		0.0	0.0
904&0		0.14063501358	0.135536366068	122.524874926	1025.52487493	0.13568701358		0.0	0.0
905&0		0.136421918869	0.135539515901	122.66326189	1026.66326189	0.131655918869		0.0	0.0
906&0		0.145274877548	0.135551810001	122.809939861	1027.80993986	0.140114877548		0.0	0.0
907&0		0.123131990433	0.135539832425	122.93462801	1028.93462801	0.118383990433		0.0	0.0
908&0		0.124628067017	0.135529712433	123.060978889	1030.06097889	0.120011067017		0.0	0.0
909&0		0.337923049927	0.135753934008	123.400326014	1031.40032601	0.332502049927		0.0	0.0
910&0		0.119751930237	0.135737873434	123.521464825	1032.52146482	0.116632930237		0.0	0.0
911&0		0.125715017319	0.135728276522	123.648459911	1033.64845991	0.120411017319		0.0	0.0
912&0		0.125611066818	0.135718813591	123.775557995	1034.77555799	0.120342066818		0.0	0.0
913&0		0.1231341362	0.135706588185	123.900115013	1035.90011501	0.1181001362		0.0	0.0
914&0		0.12397813797	0.135695416766	124.025610924	1037.02561092	0.11905313797		0.0	0.0
915&0		0.121007919312	0.135681328747	124.148415804	1038.1484158	0.115616919312		0.0	0.0
916&0		0.126550912857	0.135673094785	124.276554823	1039.27655482	0.120767912857		0.0	0.0
917&0		0.128467082977	0.135666863609	124.406513929	1040.40651393	0.125234082977		0.0	0.0
918&0		0.128931999207	0.135660920268	124.536724806	1041.53672481	0.123506999207		0.0	0.0
919&0		0.121361017227	0.135646980398	124.659574986	1042.65957499	0.118497017227		0.0	0.0
920&0		0.123209953308	0.135634850937	124.784062862	1043.78406286	0.118463953308		0.0	0.0
921&0		0.121114015579	0.135620563478	124.906538963	1044.90653896	0.118341015579		0.0	0.0
922&0		0.133567094803	0.135619754905	125.041414022	1046.04141402	0.129071094803		0.0	0.0
923&0		0.128746986389	0.135613793025	125.171530962	1047.17153096	0.124131986389		0.0	0.0
924&0		0.122197151184	0.135600774835	125.295115948	1048.29511595	0.118818151184		0.0	0.0
925&0		0.127562046051	0.135593493951	125.423981905	1049.4239819	0.123082046051		0.0	0.0
926&0		0.127029895782	0.135585795726	125.552446842	1050.55244684	0.122593895782		0.0	0.0
927&0		0.122903108597	0.135573612705	125.676738977	1051.67673898	0.118313108597		0.0	0.0
928&0		0.129435062408	0.135568607727	125.807667971	1052.80766797	0.124494062408		0.0	0.0
929&0		0.125594854355	0.135559373318	125.934657812	1053.93465781	0.121124854355		0.0	0.0
930&0		0.131425857544	0.135556392259	126.067444801	1055.0674448	0.126996857544		0.0	0.0
931&0		0.126518011093	0.135548150373	126.195327997	1056.195328	0.121370011093		0.0	0.0
932&0		0.123643159866	0.135536965638	126.320451975	1057.32045197	0.120213159866		0.0	0.0
933&0		0.132900953293	0.135535530466	126.454649925	1058.45464993	0.127963953293		0.0	0.0
934&0		0.128354072571	0.135529373647	126.584434986	1059.58443499	0.123461072571		0.0	0.0
935&0		0.124222040176	0.135518944327	126.710212946	1060.71021295	0.119300040176		0.0	0.0
936&0		0.122143030167	0.135506091719	126.833701849	1061.83370185	0.119331030167		0.0	0.0
937&0		0.127907037735	0.135499346854	126.962888002	1062.962888	0.122873037735		0.0	0.0
938&0		0.123662948608	0.135488226978	127.087956905	1064.08795691	0.118712948608		0.0	0.0
939&0		0.132987976074	0.135487478	127.222741842	1065.22274184	0.127588976074		0.0	0.0
940&0		0.151984930038	0.135506563745	127.37616992	1066.37616992	0.146255930038		0.0	0.0
941&0		0.126655101776	0.135498664078	127.504242897	1067.5042429	0.121744101776		0.0	0.0
942&0		0.124101161957	0.135488150732	127.62983799	1068.62983799	0.119221161957		0.0	0.0
943&0		0.126524925232	0.13548011441	127.757747889	1069.75774789	0.121565925232		0.0	0.0
944&0		0.126180171967	0.135471769056	127.885349989	1070.88534999	0.121302171967		0.0	0.0
945&0		0.125561952591	0.135462917348	128.012456894	1072.01245689	0.120442952591		0.0	0.0
946&0		0.124617099762	0.135453081282	128.138614893	1073.13861489	0.119496099762		0.0	0.0
947&0		0.127701997757	0.13544652681	128.267860889	1074.26786089	0.122272997757		0.0	0.0
948&0		0.125621795654	0.13543777828	128.395013809	1075.39501381	0.120409795654		0.0	0.0
949&0		0.123625040054	0.135427095867	128.520313978	1076.52031398	0.118640040054		0.0	0.0
950&0		0.126095056534	0.135418731539	128.647794962	1077.64779496	0.123291056534		0.0	0.0
951&0		0.140811920166	0.135425738105	128.789876938	1078.78987694	0.135808920166		0.0	0.0
952&0		0.138787031174	0.135430811834	128.930132866	1079.93013287	0.133861031174		0.0	0.0
953&0		0.14688706398	0.135444280108	129.078398943	1081.07839894	0.14189906398		0.0	0.0
954&0		0.145348072052	0.135456126691	129.225144863	1082.22514486	0.140025072052		0.0	0.0
955&0		0.125414848328	0.135447274203	129.352146864	1083.35214686	0.120015848328		0.0	0.0
956&0		0.132364988327	0.135445484307	129.485882998	1084.485883	0.127796988327		0.0	0.0
957&0		0.174705028534	0.135487965531	129.661983013	1085.66198301	0.170244028534		0.0	0.0
958&0		0.142282962799	0.135496489439	129.805636883	1086.80563688	0.137806962799		0.0	0.0
959&0		0.290537834167	0.135659702627	130.097654819	1088.09765482	0.285927834167		0.0	0.0
960&0		0.185096979141	0.135712632289	130.284126997	1089.284127	0.180237979141		0.0	0.0
961&0		0.136224031448	0.135714710565	130.421836853	1090.42183685	0.131754031448		0.0	0.0
962&0		0.187608957291	0.135770059177	130.610796928	1091.61079693	0.184884957291		0.0	0.0
963&0		0.122354984283	0.13575743292	130.734407902	1092.7344079	0.119707984283		0.0	0.0
964&0		0.124750137329	0.135747355792	130.860450983	1093.86045098	0.120057137329		0.0	0.0
965&0		0.124659061432	0.135737391704	130.986582994	1094.98658299	0.120133061432		0.0	0.0
966&0		0.123789072037	0.135726449159	131.111749887	1096.11174989	0.119297072037		0.0	0.0
967&0		0.124998092651	0.135716786922	131.238132954	1097.23813295	0.120013092651		0.0	0.0
968&0		0.130505084991	0.135712839848	131.370028973	1098.37002897	0.125490084991		0.0	0.0
969&0		0.125232934952	0.135703463303	131.496655941	1099.49665594	0.120681934952		0.0	0.0
970&0		0.125869035721	0.135694759654	131.623916864	1100.62391686	0.121343035721		0.0	0.0
971&0		0.130858898163	0.135691213068	131.756167889	1101.75616789	0.126213898163		0.0	0.0
972&0		0.128623008728	0.135685372254	131.886181831	1102.88618183	0.123860008728		0.0	0.0
973&0		0.123041152954	0.135673809885	132.010617018	1104.01061702	0.118621152954		0.0	0.0
974&0		0.119779109955	0.135658994837	132.131860971	1105.13186097	0.115206109955		0.0	0.0
975&0		0.124716043472	0.135649197896	132.257967949	1106.25796795	0.120026043472		0.0	0.0
976&0		0.122632026672	0.135637316547	132.38202095	1107.38202095	0.119579026672		0.0	0.0
977&0		0.138586044312	0.135641623178	132.521865845	1108.52186584	0.135910044312		0.0	0.0
978&0		0.123299837112	0.13563030044	132.64643383	1109.64643383	0.120432837112		0.0	0.0
979&0		0.126935005188	0.135622694495	132.77461791	1110.77461791	0.124020005188		0.0	0.0
980&0		0.125380992889	0.13561375798	132.901482821	1111.90148282	0.120235992889		0.0	0.0
981&0		0.131833076477	0.135611391456	133.034775019	1113.03477502	0.126928076477		0.0	0.0
982&0		0.125221967697	0.135602347234	133.161504984	1114.16150498	0.120067967697		0.0	0.0
983&0		0.124101877213	0.1355920568	133.286991835	1115.28699183	0.118743877213		0.0	0.0
984&0		0.127687931061	0.135585512088	133.416143894	1116.41614389	0.122531931061		0.0	0.0
985&0		0.122967004776	0.135574247631	133.540633917	1117.54063392	0.118173004776		0.0	0.0
986&0		0.124654054642	0.135564651015	133.666745901	1118.6667459	0.119058054642		0.0	0.0
987&0		0.125154018402	0.135555523628	133.793301821	1119.79330182	0.120432018402		0.0	0.0
988&0		0.131989002228	0.135553329821	133.926689863	1120.92668986	0.126729002228		0.0	0.0
989&0		0.125567913055	0.135544741961	134.0537498	1122.0537498	0.120690913055		0.0	0.0
990&0		0.125648021698	0.135536161577	134.180799961	1123.18079996	0.120704021698		0.0	0.0
991&0		0.124888896942	0.135526846444	134.307104826	1124.30710483	0.119769896942		0.0	0.0
992&0		0.124513149261	0.13551727418	134.433135986	1125.43313599	0.119386149261		0.0	0.0
993&0		0.132730007172	0.135515982771	134.567370892	1126.56737089	0.127618007172		0.0	0.0
994&0		0.124835968018	0.135506686071	134.693645954	1127.69364595	0.119752968018		0.0	0.0
995&0		0.130450963974	0.135503065167	134.825549841	1128.82554984	0.125303963974		0.0	0.0
996&0		0.124819993973	0.135493820211	134.951844931	1129.95184493	0.119727993973		0.0	0.0
997&0		0.133310079575	0.135493035063	135.086555958	1131.08655596	0.128318079575		0.0	0.0
998&0		0.130234956741	0.135489292517	135.218313932	1132.21831393	0.124240956741		0.0	0.0
999&0		0.125087022781	0.135480642557	135.345161915	1133.34516191	0.119711022781		0.0	0.0
1000&0		0.124043941498	0.135470778942	135.470778942	1134.47077894	0.121097941498		0.0	0.0
1001&0		0.130316019058	0.135466926939	135.602393866	1135.60239387	0.125343019058		0.0	0.0
1002&0		0.129262924194	0.135462213419	135.733137846	1136.73313785	0.124439924194		0.0	0.0
1003&0		0.126976013184	0.135455273203	135.861639023	1137.86163902	0.121600013184		0.0	0.0

Total-Times:1003	Loss-Times:0	Recent 10 times loss possiblity: 0.0	Total Hex File Loss number: 0
