Times(S&L)	Runnig-Time	Average-Time	Total-Time	Total-ExeTime	Msg-trans-Time		LP	TLP
0&1		2.57277989388	2.57323789597	2.57323789597	2.57323789597	2.57144589388		0.1	1.0
1&1		0.582412004471	1.57856500149	3.15713000298	4.15713000298	0.578284004471		0.1	0.5
1&2		2.62355899811	1.92733867963	5.78201603889	7.78201603889	2.62242899811		0.2	0.666666666667
1&3		2.04422712326	1.95691400766	7.82765603065	10.8276560307	2.04345112326		0.3	0.75
2&3		1.67757701874	1.90132679939	9.50663399696	13.506633997	1.67370101874		0.3	0.6
2&4		5.34608983994	2.47567514579	14.8540508747	19.8540508747	5.34441983994		0.4	0.666666666667
2&5		2.4274058342	2.468978405	17.282848835	23.282848835	2.4255828342		0.5	0.714285714286
2&6		3.38218903542	2.58330762386	20.6664609909	27.6664609909	3.38116703542		0.6	0.75
2&7		3.18818807602	2.6506705549	23.8560349941	31.8560349941	3.18593507602		0.7	0.777777777778
2&8		2.04599404335	2.59033999443	25.9033999443	34.9033999443	2.04527004335		0.8	0.8
2&9		2.18868708611	2.55395390771	28.0934929848	38.0934929848	2.18698308611		0.8	0.818181818182
2&10		2.570114851	2.55542031924	30.6650438309	41.6650438309	2.568843851		0.9	0.833333333333
2&11		2.56728506088	2.55644130707	33.2337369919	45.2337369919	2.56622506088		0.9	0.846153846154
3&11		0.583960056305	2.41564978872	33.8190970421	46.8190970421	0.580188056305		0.8	0.785714285714
3&12		3.58827400208	2.49391153653	37.408673048	51.408673048	3.58720900208		0.9	0.8
3&13		2.04486894608	2.46593368053	39.4549388885	54.4549388885	2.04407294608		0.9	0.8125
3&14		2.04604196548	2.44132346265	41.5024988651	57.5024988651	2.04534296548		0.9	0.823529411765
4&14		0.325489997864	2.32385349274	41.8293628693	58.8293628693	0.322339997864		0.8	0.777777777778
4&15		2.38974094391	2.32738962926	44.220402956	62.220402956	2.38869894391		0.8	0.789473684211
5&15		1.14696002007	2.26843810081	45.3687620163	64.3687620163	1.14329802007		0.7	0.75
5&16		2.43217420578	2.27629747845	47.8022470474	67.8022470474	2.43040120578		0.7	0.761904761905
5&17		3.44027709961	2.32927036285	51.2439479828	72.2439479828	3.43792709961		0.7	0.772727272727
5&18		2.04184889793	2.31683486441	53.2872018814	75.2872018814	2.04104489793		0.7	0.782608695652
5&19		3.67567801476	2.37351333102	56.9643199444	79.9643199444	3.67453001476		0.8	0.791666666667
5&20		2.6742169857	2.38559827805	59.6399569511	83.6399569511	2.6723089857		0.8	0.8
5&21		3.41678714752	2.42531330769	63.0581459999	88.0581459999	3.41561714752		0.8	0.807692307692
5&22		2.49855995178	2.42807766243	65.5580968857	91.5580968857	2.49757695178		0.8	0.814814814815
5&23		5.15015292168	2.5253446017	70.7096488476	97.7096488476	5.14934292168		0.9	0.821428571429
5&24		3.0742380619	2.54431999963	73.7852799892	101.785279989	3.0734270619		0.9	0.827586206897
5&25		2.39938497543	2.53953606288	76.1860818863	105.186081886	2.39824497543		1.0	0.833333333333
5&26		2.37703108788	2.53434438859	78.5646760464	108.564676046	2.37600908788		1.0	0.838709677419
5&27		2.37687706947	2.52946771681	80.942966938	111.942966938	2.37586206947		1.0	0.84375
5&28		3.04508805275	2.5451399991	83.9896199703	115.98961997	3.04412205275		1.0	0.848484848485
5&29		2.04505896568	2.5304729658	86.0360808372	119.036080837	2.04426196568		1.0	0.852941176471
6&29		1.51283407211	2.50143754142	87.5503139496	121.55031395	1.50936007211		0.9	0.828571428571
6&30		3.62147402763	2.5325858593	91.1730909348	126.173090935	3.62022502763		0.9	0.833333333333
6&31		2.38578796387	2.52865697242	93.5603079796	129.56030798	2.38474296387		0.9	0.837837837838
6&32		2.08704209328	2.517072	95.6487360001	132.648736	2.08614309328		0.9	0.842105263158
6&33		3.0935819149	2.53189089359	98.7437448502	136.74374485	3.0926539149		0.9	0.846153846154
6&34		2.43771600723	2.52957164645	101.182865858	140.182865858	2.43583900723		0.9	0.85
6&35		2.4337720871	2.52726953786	103.618051052	143.618051052	2.4317540871		0.9	0.853658536585
6&36		3.62710213661	2.55348857244	107.246520042	148.246520042	3.62602913661		0.9	0.857142857143
6&37		2.59712505341	2.55453546657	109.845025063	151.845025063	2.59609705341		0.9	0.860465116279
7&37		1.40847301483	2.52851997722	111.254878998	154.254878998	1.40443801483		0.8	0.840909090909
7&38		3.58197498322	2.55196122064	114.838254929	158.838254929	3.58082198322		0.9	0.844444444444
8&38		0.822236061096	2.51438913138	115.661900043	160.661900043	0.818490061096		0.8	0.826086956522
8&39		2.38720488548	2.51171069957	118.05040288	164.05040288	2.38630388548		0.8	0.829787234043
9&39		0.816529035568	2.47642391423	118.868347883	165.868347883	0.813075035568		0.7	0.8125
9&40		3.56466889381	2.49865985403	122.434332848	170.434332848	3.56363589381		0.7	0.816326530612
9&41		2.14796304703	2.49167381763	124.583690882	173.583690882	2.14690804703		0.7	0.82
9&42		2.04644298553	2.4829715654	126.631549835	176.631549835	2.04553098553		0.7	0.823529411765
9&43		3.0400929451	2.4937121914	129.673033953	180.673033953	3.0393329451		0.7	0.826923076923
9&44		2.71965003014	2.49800143152	132.394075871	184.394075871	2.71871603014		0.7	0.830188679245
9&45		2.41192913055	2.49643390708	134.807430983	187.807430983	2.41086913055		0.8	0.833333333333
9&46		3.60567498207	2.51662999933	138.414649963	192.414649963	3.60465898207		0.8	0.836363636364
9&47		2.45442485809	2.5155441761	140.870473862	195.870473862	2.45262785809		0.9	0.839285714286
9&48		2.64113903046	2.51777243614	143.51302886	199.51302886	2.64015803046		0.9	0.842105263158
10&48		1.86984801292	2.50662768709	145.384405851	202.384405851	1.86572201292		0.9	0.827586206897
10&49		2.3993461132	2.50483132217	147.785048008	205.785048008	2.3984181132		0.9	0.830508474576
10&50		2.39703392982	2.50305089951	150.18305397	209.18305397	2.39585592982		0.9	0.833333333333
10&51		2.73259782791	2.50685148943	152.917940855	212.917940855	2.73073982791		0.9	0.83606557377
10&52		2.04078888893	2.49936341855	154.96053195	215.96053195	2.03957588893		0.9	0.838709677419
10&53		2.74377989769	2.50327342654	157.706225872	219.706225872	2.74147489769		0.9	0.84126984127
10&54		3.22681212425	2.51460757852	160.934885025	223.934885025	3.22256112425		0.9	0.84375
10&55		3.04609513283	2.52280233823	163.982151985	227.982151985	3.04469313283		0.9	0.846153846154
10&56		2.90720200539	2.52865098462	166.890964985	231.890964985	2.90567400539		0.9	0.848484848485
10&57		2.0441968441	2.52144619244	168.936894894	234.936894894	2.0432198441		0.9	0.850746268657
10&58		3.62769508362	2.53774276551	172.566508055	239.566508055	3.62608408362		1.0	0.852941176471
10&59		2.47611618042	2.53687571097	175.044424057	243.044424057	2.47407718042		1.0	0.855072463768
10&60		3.38554596901	2.54902498381	178.431748867	247.431748867	3.38371796901		1.0	0.857142857143
10&61		2.04162597656	2.54190552067	180.475291967	250.475291967	2.04066697656		1.0	0.859154929577
10&62		2.04763889313	2.53506565094	182.524726868	253.524726868	2.04674589313		1.0	0.861111111111
10&63		2.19370388985	2.530408451	184.719816923	256.719816923	2.19019588985		1.0	0.86301369863
10&64		2.50301218033	2.53006155426	187.224555016	260.224555016	2.50124418033		1.0	0.864864864865
10&65		2.42383694649	2.52866830508	189.650122881	263.650122881	2.42024894649		1.0	0.866666666667
10&66		3.60629296303	2.54287332924	193.258373022	268.258373022	3.60486896303		1.0	0.868421052632
10&67		2.03983592987	2.5363596879	195.299695969	271.299695969	2.03876392987		1.0	0.87012987013
10&68		3.63983297348	2.55053184583	198.941483974	275.941483974	3.63835997348		1.0	0.871794871795
10&69		2.51387286186	2.55009392243	201.457419872	279.457419872	2.51209786186		1.0	0.873417721519
10&70		3.40151786804	2.56075996161	204.860796928	283.860796928	3.39982986804		1.0	0.875
10&71		2.38928103447	2.55866407465	207.251790047	287.251790047	2.38773003447		1.0	0.876543209877
10&72		2.75464200974	2.56107566996	210.008204937	291.008204937	2.75370300974		1.0	0.878048780488
10&73		3.05857896805	2.56708631171	213.068163872	295.068163872	3.05764896805		1.0	0.879518072289
10&74		3.04213404655	2.57275848729	216.111712933	299.111712933	3.04126104655		1.0	0.880952380952
10&75		2.62816596031	2.57342670385	218.741269827	302.741269827	2.62710796031		1.0	0.882352941176
10&76		3.67033815384	2.58619720991	222.412960052	307.412960052	3.66829315384		1.0	0.883720930233

Total-Times:86	Loss-Times:76	Recent 10 times loss possiblity: 0.10	Total Hex File Loss number: 15
