Times(S&L)	Runnig-Time	Average-Time	Total-Time	Total-ExeTime	Msg-trans-Time		LP	TLP
1&0		0.297850847244	0.29828286171	0.29828286171	0.29828286171	0.293948847244		0.0	0.0
1&1		2.3549990654	1.32735002041	2.65470004082	3.65470004082	2.3539680654		0.1	0.5
2&1		0.343475103378	0.999855359395	2.99956607819	4.99956607819	0.339913103378		0.1	0.333333333333
3&1		0.648947954178	0.912458717823	3.64983487129	6.64983487129	0.645164954178		0.1	0.25
4&1		0.43532204628	0.817290782928	4.08645391464	8.08645391464	0.43234504628		0.1	0.2
5&1		0.203294038773	0.715185165405	4.29111099243	9.29111099243	0.200167038773		0.1	0.166666666667
6&1		0.212702989578	0.643588134221	4.50511693954	10.5051169395	0.209795989578		0.1	0.142857142857
7&1		1.54113507271	0.755942761898	6.04754209518	13.0475420952	1.53793507271		0.1	0.125
7&2		2.36166405678	0.934504561954	8.41054105759	16.4105410576	2.36063405678		0.2	0.222222222222
8&2		1.19460105896	0.96065120697	9.6065120697	18.6065120697	1.19160305896		0.2	0.2
8&3		2.36199522018	1.08816955306	11.9698650837	21.9698650837	2.36112222018		0.3	0.272727272727
9&3		1.20898795128	1.09835340579	13.1802408695	24.1802408695	1.20575195128		0.2	0.25
10&3		0.209653139114	1.0300919276	13.3911950588	25.3911950588	0.206471139114		0.2	0.230769230769
10&4		3.35054278374	1.19593063423	16.7430288792	29.7430288792	3.34904878374		0.3	0.285714285714
11&4		0.634068965912	1.15856579145	17.3784868717	31.3784868717	0.630824965912		0.3	0.266666666667
12&4		0.483561038971	1.11645893753	17.8633430004	32.8633430004	0.480376038971		0.3	0.25
13&4		0.530678033829	1.0820766477	18.3953030109	34.3953030109	0.527312033829		0.3	0.235294117647
14&4		1.20946097374	1.08922599422	19.6060678959	36.6060678959	1.20582897374		0.3	0.222222222222
15&4		0.279907941818	1.04670688981	19.8874309063	37.8874309063	0.276343941818		0.2	0.210526315789
16&4		0.203853130341	1.00463650227	20.0927300453	39.0927300453	0.200829130341		0.2	0.2
17&4		0.655472993851	0.988071191879	20.7494950294	40.7494950294	0.652209993851		0.1	0.190476190476
17&5		3.00756192207	1.07992590557	23.7583699226	44.7583699226	3.00655892207		0.2	0.227272727273
18&5		0.213519096375	1.0423180435	23.9733150005	45.9733150005	0.210328096375		0.2	0.217391304348
19&5		0.234909057617	1.00873291492	24.2095899582	47.2095899582	0.231565057617		0.1	0.208333333333
20&5		0.217767953873	0.977146959305	24.4286739826	48.4286739826	0.214544953873		0.1	0.2
21&5		0.211469888687	0.947748037485	24.6414489746	49.6414489746	0.208295888687		0.1	0.192307692308
21&6		2.54368305206	1.0069045579	27.1864230633	53.1864230633	2.54269905206		0.2	0.222222222222
22&6		0.809055089951	0.999890429633	27.9969320297	54.9969320297	0.805425089951		0.2	0.214285714286
22&7		3.53409194946	1.08732661708	31.5324718952	59.5324718952	3.53259694946		0.3	0.241379310345
23&7		1.66452002525	1.10661959648	33.1985878944	62.1985878944	1.65963702525		0.3	0.233333333333
24&7		1.36252307892	1.11492280806	34.5626070499	64.5626070499	1.35872407892		0.3	0.225806451613
24&8		2.54868388176	1.1597725898	37.1127228737	68.1127228737	2.54760488176		0.3	0.25
25&8		0.209197998047	1.13101006277	37.3233320713	69.3233320713	0.204124998047		0.3	0.242424242424
26&8		0.653721094131	1.1170131459	37.9784469604	70.9784469604	0.650083094131		0.3	0.235294117647
27&8		1.33394598961	1.12325125422	39.3137938976	73.3137938976	1.32960898961		0.3	0.228571428571
28&8		0.507821083069	1.10619422462	39.8229920864	74.8229920864	0.504591083069		0.3	0.222222222222
29&8		1.08510899544	1.10566170151	40.9094829559	76.9094829559	1.08113199544		0.2	0.216216216216
30&8		0.205693006516	1.08201631747	41.1166200638	78.1166200638	0.202589006516		0.2	0.210526315789
31&8		0.449163913727	1.0658241541	41.5671420097	79.5671420097	0.444400913727		0.1	0.205128205128
32&8		0.184017896652	1.04381577373	41.752630949	80.752630949	0.180759896652		0.1	0.2
33&8		0.185793876648	1.0229204864	41.9397399426	81.9397399426	0.181331876648		0.1	0.19512195122
34&8		0.1875	1.00306395122	42.1286859512	83.1286859512	0.184312		0.0	0.190476190476
35&8		1.55582809448	1.015949837	43.6858429909	85.6858429909	1.55036409448		0.0	0.186046511628
35&9		2.61071300507	1.05221461166	46.2974429131	89.2974429131	2.60933700507		0.1	0.204545454545
36&9		0.319547176361	1.03596891297	46.6186010838	90.6186010838	0.312666176361		0.1	0.2
37&9		0.21667599678	1.01819436965	46.8369410038	91.8369410038	0.21327299678		0.1	0.195652173913
38&9		0.946722984314	1.01670334187	47.7850570679	93.7850570679	0.943028984314		0.1	0.191489361702
39&9		0.271484851837	1.00120510161	48.0578448772	95.0578448772	0.268141851837		0.1	0.1875
39&10		2.59557199478	1.03377000166	50.6547300816	98.6547300816	2.59425699478		0.2	0.204081632653
40&10		0.200782060623	1.01714250088	50.8571250439	99.8571250439	0.197627060623		0.2	0.2
41&10		0.20920085907	1.00132582234	51.0676169395	101.06761694	0.20455485907		0.2	0.196078431373
42&10		1.16513895988	1.0045041717	52.2342169285	103.234216928	1.15999195988		0.2	0.192307692308
43&10		0.491985082626	0.994861112451	52.7276389599	104.72763896	0.488651082626		0.2	0.188679245283
43&11		2.63347291946	1.02523110973	55.3624799252	108.362479925	2.63169591946		0.2	0.203703703704
44&11		1.63476395607	1.03634258184	56.998842001	110.998842001	1.63025195607		0.2	0.2
45&11		0.422376871109	1.0254045512	57.4226548672	112.422654867	0.417495871109		0.2	0.196428571429
46&11		0.596700191498	1.01790851041	58.0207850933	114.020785093	0.592772191498		0.2	0.19298245614
47&11		0.842483997345	1.01490789446	58.8646578789	115.864657879	0.837161997345		0.2	0.189655172414
48&11		0.447335958481	1.00531293174	59.3134629726	117.313462973	0.442298958481		0.1	0.186440677966
49&11		0.210508108139	0.99209100008	59.5254600048	118.525460005	0.205654108139		0.1	0.183333333333
49&12		2.55751299858	1.01777713025	62.0844049454	122.084404945	2.55597699858		0.2	0.196721311475
49&13		2.59748411179	1.04327945171	64.6833260059	125.683326006	2.59643011179		0.3	0.209677419355
50&13		0.293124914169	1.03139485632	64.977875948	126.977875948	0.289724914169		0.3	0.206349206349
51&13		0.208471059799	1.01855692267	65.1876430511	128.187643051	0.204928059799		0.2	0.203125
52&13		0.207892179489	1.00610547799	65.3968560696	129.39685607	0.204358179489		0.2	0.2
53&13		0.738836050034	1.00207569744	66.1369960308	131.136996031	0.735453050034		0.2	0.19696969697
53&14		2.57611012459	1.02558792527	68.7143909931	134.714390993	2.57510512459		0.3	0.208955223881
54&14		0.196719884872	1.01341973333	68.9125418663	135.912541866	0.193593884872		0.3	0.205882352941
55&14		0.209553003311	1.0017894351	69.1234710217	137.123471022	0.206393003311		0.3	0.202898550725
56&14		0.822510004044	0.999249127933	69.9474389553	138.947438955	0.818903004044		0.3	0.2
57&14		0.210945129395	0.988166718416	70.1598370075	140.159837008	0.207643129395		0.2	0.197183098592
58&14		1.21583986282	0.991347637441	71.3770298958	142.377029896	1.21229086282		0.1	0.194444444444
59&14		0.19969201088	0.980520862423	71.5780229568	143.578022957	0.19628001088		0.1	0.191780821918
60&14		0.212105989456	0.970154539959	71.791435957	144.791435957	0.208976989456		0.1	0.189189189189
61&14		0.448246002197	0.9632148393	72.2411129475	146.241112947	0.444461002197		0.1	0.186666666667
61&15		2.56808900833	0.984350301717	74.8106229305	149.810622931	2.56709900833		0.2	0.197368421053
62&15		0.559375047684	0.978849311928	75.3713970184	151.371397018	0.556191047684		0.1	0.194805194805
63&15		1.50137591362	0.985564947128	76.874065876	153.874065876	1.49776691362		0.1	0.192307692308
64&15		0.201127052307	0.975653050821	77.0765910149	155.076591015	0.198136052307		0.1	0.189873417722
65&15		0.569357872009	0.97059122324	77.6472978592	156.647297859	0.566146872009		0.1	0.1875
66&15		0.230050802231	0.961464455098	77.878620863	157.878620863	0.227089802231		0.1	0.185185185185
67&15		0.440368175507	0.955125183594	78.3202650547	159.320265055	0.435715175507		0.1	0.182926829268
68&15		0.213732004166	0.946210444692	78.5354669094	160.535466909	0.210447004166		0.1	0.180722891566
69&15		0.196230888367	0.937298190026	78.7330479622	161.733047962	0.191579888367		0.1	0.178571428571
70&15		0.205263853073	0.9287029631	78.9397518635	162.939751863	0.200735853073		0.1	0.176470588235
70&16		3.52548980713	0.958915463714	82.4667298794	167.466729879	3.52452780713		0.1	0.186046511628
71&16		0.443880081177	0.953012850093	82.9121179581	168.912117958	0.440346081177		0.1	0.183908045977
72&16		1.28056502342	0.956749851053	84.1939868927	171.193986893	1.27687302342		0.1	0.181818181818
72&17		3.60685896873	0.986541391758	87.8021838665	175.802183867	3.60572496873		0.2	0.191011235955
72&18		2.03099179268	0.998162531853	89.8346278667	178.834627867	2.03017979268		0.3	0.2
73&18		1.30104708672	1.00150670324	91.1371099949	181.137109995	1.29771608672		0.3	0.197802197802
74&18		0.214341163635	0.992966304655	91.3529000282	182.352900028	0.210410163635		0.3	0.195652173913
75&18		0.363854885101	0.986216063141	91.7180938721	183.718093872	0.358887885101		0.3	0.193548387097
76&18		0.448578119278	0.980513319056	92.1682519913	185.168251991	0.445171119278		0.3	0.191489361702
77&18		0.205847024918	0.97237405275	92.3755350113	186.375535011	0.200842024918		0.3	0.189473684211
78&18		0.201918840408	0.964360800882	92.5786368847	187.578636885	0.198372840408		0.2	0.1875
79&18		0.210318088531	0.956601691	92.790364027	188.790364027	0.206138088531		0.2	0.185567010309
79&19		2.62115001678	0.973601438561	95.412940979	192.412940979	2.62023001678		0.3	0.19387755102
80&19		1.79436087608	0.981905917929	97.2086858749	195.208685875	1.79065687608		0.2	0.191919191919
81&19		0.217850923538	0.974279279709	97.4279279709	196.427927971	0.214157923538		0.1	0.19
82&19		0.214140892029	0.966765979729	97.6433639526	197.643363953	0.210801892029		0.1	0.188118811881
82&20		2.56890511513	0.98248649111	100.213622093	201.213622093	2.56786011513		0.2	0.196078431373
83&20		0.739996910095	0.980145766897	100.95501399	202.95501399	0.736548910095		0.2	0.194174757282
84&20		0.202833890915	0.972684124341	101.159148932	204.159148932	0.199536890915		0.2	0.192307692308
84&21		2.43618607521	0.986635276249	103.596704006	207.596704006	2.43412407521		0.3	0.2
84&22		2.65184903145	1.00235803847	106.249952078	211.249952078	2.65080903145		0.4	0.207547169811
84&23		2.58649301529	1.01717589726	108.837821007	214.837821007	2.58549501529		0.5	0.214953271028
85&23		1.31615614891	1.01995716713	110.15537405	217.15537405	1.31294214891		0.4	0.212962962963
85&24		2.54976606369	1.0340044411	112.706484079	220.706484079	2.54864906369		0.5	0.220183486239
86&24		0.510445833206	1.02925788056	113.218366861	222.218366861	0.507188833206		0.5	0.218181818182
87&24		0.635178804398	1.02572051254	113.854976892	223.854976892	0.631645804398		0.5	0.216216216216
87&25		2.53615522385	1.03921793827	116.392409086	227.392409086	2.53511622385		0.5	0.223214285714
88&25		0.20657491684	1.03186181372	116.600384951	228.600384951	0.20340591684		0.5	0.221238938053
89&25		0.494197130203	1.02715662279	117.095854998	230.095854998	0.490930130203		0.5	0.219298245614
89&26		2.63940310478	1.04118879982	119.736711979	233.736711979	2.63829310478		0.5	0.226086956522
90&26		0.21549987793	1.03408263675	119.953585863	234.953585863	0.21231487793		0.4	0.224137931034
91&26		0.21223282814	1.02707016162	120.16720891	236.16720891	0.20885082814		0.3	0.222222222222
92&26		0.20737695694	1.02013485512	120.375912905	237.375912905	0.20406695694		0.3	0.220338983051
93&26		0.51173210144	1.01586931092	120.888448	238.888448	0.50845310144		0.2	0.218487394958
93&27		2.53573107719	1.02854577502	123.425493002	242.425493002	2.53471307719		0.3	0.225
94&27		0.183634996414	1.02157437112	123.610498905	243.610498905	0.180430996414		0.3	0.223140495868
95&27		1.65134882927	1.0267475648	125.263202906	246.263202906	1.64728582927		0.2	0.22131147541
96&27		0.544157981873	1.02283483792	125.808685064	247.808685064	0.540772981873		0.2	0.219512195122
96&28		3.54355692863	1.04317354002	129.353518963	252.353518963	3.54247292863		0.3	0.225806451613
97&28		0.212094783783	1.03653608704	129.56701088	253.56701088	0.208920783783		0.2	0.224
98&28		0.239696025848	1.0302223497	129.808016062	254.808016062	0.236605025848		0.2	0.222222222222
98&29		2.53740286827	1.04210008599	132.34671092	258.34671092	2.53643586827		0.3	0.228346456693
99&29		0.202673912048	1.03555278853	132.550756931	259.550756931	0.199603912048		0.3	0.2265625
100&29		0.309649944305	1.02993610848	132.861757994	260.861757994	0.306515944305		0.3	0.22480620155
101&29		0.239772081375	1.02386773916	133.102806091	262.102806091	0.236698081375		0.2	0.223076923077
102&29		1.32591509819	1.02618313018	134.429990053	264.429990053	1.32238809819		0.2	0.221374045802
103&29		0.2015209198	1.01994523496	134.632771015	265.632771015	0.1980739198		0.2	0.219696969697
104&29		1.36856102943	1.02257586422	136.002589941	268.002589941	1.36517302943		0.2	0.218045112782
105&29		0.584779977798	1.01931824613	136.588644981	269.588644981	0.581364977798		0.1	0.216417910448
106&29		0.198990106583	1.01325125164	136.788918972	270.788918972	0.195615106583		0.1	0.214814814815
107&29		0.216278791428	1.00740052847	137.006471872	272.006471872	0.212966791428		0.1	0.213235294118
108&29		0.20835185051	1.00157791159	137.216173887	273.216173887	0.20495385051		0.0	0.211678832117
109&29		1.27933192253	1.00360012227	138.496816874	275.496816874	1.27591392253		0.0	0.210144927536
110&29		0.866541147232	1.00262337451	139.364649057	277.364649057	0.863120147232		0.0	0.208633093525
110&30		3.21107006073	1.01840740783	142.577037096	281.577037096	3.20925706073		0.1	0.214285714286
111&30		0.434679031372	1.01427853868	143.013273954	283.013273954	0.431642031372		0.1	0.212765957447
111&31		2.17187690735	1.0224398022	145.186451912	286.186451912	2.17001590735		0.2	0.218309859155
112&31		0.212475061417	1.01678593676	145.400388956	287.400388956	0.209414061417		0.2	0.216783216783
113&31		0.201215982437	1.01113123529	145.602897882	288.602897882	0.197938982437		0.2	0.215277777778
114&31		0.207431077957	1.00559717211	145.811589956	289.811589956	0.204143077957		0.2	0.213793103448
115&31		0.203877925873	1.00011473976	146.016752005	291.016752005	0.200355925873		0.2	0.212328767123
116&31		0.213078975677	0.994769394803	146.231101036	292.231101036	0.209817975677		0.2	0.210884353741
117&31		1.23523497581	0.996402769475	147.467609882	294.467609882	1.23178497581		0.2	0.209459459459
118&31		0.201584100723	0.991076946259	147.670464993	295.670464993	0.198510100723		0.2	0.208053691275
118&32		2.53013801575	1.00134589354	150.201884031	299.201884031	2.52907301575		0.2	0.213333333333
119&32		0.291103124619	0.99665196684	150.494446993	300.494446993	0.287766124619		0.2	0.211920529801
120&32		1.23439097404	0.998224526644	151.73012805	302.73012805	1.23129297404		0.1	0.210526315789
121&32		0.890565156937	0.99752937267	152.621994019	304.621994019	0.885425156937		0.1	0.209150326797
122&32		1.71354293823	1.00218849987	154.33702898	307.33702898	1.70997593823		0.1	0.207792207792
123&32		1.19310998917	1.00342867144	155.531444073	309.531444073	1.18969198917		0.1	0.206451612903
124&32		0.924203157425	1.00292905783	156.456933022	311.456933022	0.920577157425		0.1	0.205128205128
125&32		0.445194005966	0.999385082038	156.90345788	312.90345788	0.440518005966		0.1	0.203821656051
126&32		0.726622104645	0.997669481024	157.631778002	314.631778002	0.721725104645		0.1	0.20253164557
127&32		2.12185192108	1.00474919463	159.755121946	317.755121946	2.11652792108		0.1	0.201257861635
127&33		2.17790079117	1.0120906055	161.93449688	320.93449688	2.17526379117		0.1	0.20625
128&33		1.33052897453	1.01407716733	163.266423941	323.266423941	1.32703697453		0.1	0.204968944099
128&34		3.02547192574	1.02650149369	166.293241978	327.293241978	3.02449092574		0.2	0.20987654321
128&35		2.17136001587	1.03353402512	168.466046095	330.466046095	2.16918701587		0.3	0.21472392638
128&36		2.17140603065	1.04047635997	170.638123035	333.638123035	2.16916603065		0.4	0.219512195122
129&36		0.909087181091	1.0396886551	171.548628092	335.548628092	0.904733181091		0.4	0.218181818182
130&36		0.578886985779	1.0369203737	172.128782034	337.128782034	0.574967985779		0.4	0.21686746988
131&36		0.202862977982	1.03193359889	172.332911015	338.332911015	0.199700977982		0.4	0.215568862275
131&37		3.54495787621	1.04689973167	175.879154921	342.879154921	3.54383787621		0.5	0.220238095238
132&37		0.204500198364	1.04192337905	176.08505106	344.08505106	0.200480198364		0.5	0.218934911243
133&37		1.21513795853	1.04295014073	177.301523924	346.301523924	1.21028195853		0.4	0.217647058824
134&37		0.207654953003	1.0380732804	177.510530949	347.510530949	0.204100953003		0.4	0.216374269006
135&37		0.839248180389	1.03692477942	178.351062059	349.351062059	0.834371180389		0.3	0.21511627907
135&38		2.53338909149	1.04558341076	180.885930061	352.885930061	2.53222609149		0.3	0.219653179191
136&38		0.217539072037	1.04083540248	181.105360031	354.105360031	0.213663072037		0.2	0.218390804598
137&38		0.20370388031	1.03605949674	181.31041193	355.31041193	0.19840388031		0.2	0.217142857143
138&38		0.231112003326	1.0314940905	181.542959929	356.542959929	0.222225003326		0.2	0.215909090909
139&38		0.297106027603	1.02735480212	181.841799974	357.841799974	0.291275027603		0.2	0.214689265537
140&38		0.440198898315	1.02406471901	182.283519983	359.283519983	0.434906898315		0.1	0.213483146067
141&38		0.225142002106	1.01960960314	182.510118961	360.510118961	0.221407002106		0.1	0.212290502793
142&38		0.208827018738	1.01511283318	182.720309973	361.720309973	0.205260018738		0.1	0.211111111111
143&38		0.202130794525	1.01062845789	182.923750877	362.923750877	0.198565794525		0.1	0.209944751381
144&38		1.04574489594	1.01082842822	183.970773935	364.970773935	1.04160689594		0.1	0.208791208791
145&38		0.207484006882	1.00644575963	184.179574013	366.179574013	0.204316006882		0.0	0.207650273224
146&38		1.7787001133	1.01064982622	185.959568024	368.959568024	1.7752351133		0.0	0.20652173913
147&38		0.519562005997	1.00800227603	186.480421066	370.480421066	0.516130005997		0.0	0.205405405405
148&38		1.2065680027	1.00907668247	187.688262939	372.688262939	1.2033790027		0.0	0.204301075269
149&38		1.1044011116	1.00959334781	188.793956041	374.793956041	1.1006361116		0.0	0.20320855615
150&38		0.224581956863	1.00542466438	189.019836903	376.019836903	0.221383956863		0.0	0.202127659574
151&38		0.207162857056	1.00120811614	189.22833395	377.22833395	0.202241857056		0.0	0.201058201058
151&39		2.54861402512	1.0093598943	191.778379917	380.778379917	2.54734002512		0.1	0.205263157895
152&39		0.206655979156	1.00516468068	191.98645401	381.98645401	0.202941979156		0.1	0.204188481675
153&39		1.57810807228	1.00815586994	193.565927029	384.565927029	1.57418607228		0.1	0.203125
154&39		0.249372005463	1.00423169383	193.816716909	385.816716909	0.243812005463		0.1	0.20207253886
155&39		0.207756996155	1.00013360781	194.025919914	387.025919914	0.202433996155		0.1	0.201030927835
156&39		0.445242881775	0.997292122474	194.471963882	388.471963882	0.441905881775		0.1	0.2
157&39		0.473885059357	0.994628999914	194.947283983	389.947283983	0.469431059357		0.1	0.198979591837
158&39		0.190081119537	0.990551700447	195.138684988	391.138684988	0.186814119537		0.1	0.197969543147
159&39		0.43986082077	0.98777741856	195.579928875	392.579928875	0.43626082077		0.1	0.19696969697

Total-Times:198	Loss-Times:39	Recent 10 times loss possiblity: 0.1	Total Hex File Loss number: 6
