Times(S&L)	Runnig-Time	Average-Time	Total-Time	Total-ExeTime	Msg-trans-Time		LP	TLP
1&0		1.15763998032	1.15868711472	1.15868711472	1.15868711472	1.15170598032		0.0	0.0
1&1		2.70879101753	1.93444955349	3.86889910698	4.86889910698	2.70476301753		0.1	0.5
1&2		2.21208906174	2.02750968933	6.08252906799	8.08252906799	2.20921006174		0.2	0.666666666667
2&2		1.91745400429	2.00050753355	8.0020301342	11.0020301342	1.91181600429		0.2	0.5
2&3		2.6397330761	2.12862262726	10.6431131363	14.6431131363	2.6378330761		0.3	0.6
3&3		1.18304300308	1.97126551469	11.8275930882	16.8275930882	1.17346100308		0.3	0.5
4&3		0.617327928543	1.77812099457	12.446846962	18.446846962	0.609420928543		0.3	0.428571428571
5&3		1.44534301758	1.73675000668	13.8940000534	20.8940000534	1.43984501758		0.3	0.375
5&4		2.23420500755	1.7921919028	16.1297271252	24.1297271252	2.23065800755		0.4	0.444444444444
5&5		2.47048783302	1.86016139984	18.6016139984	27.6016139984	2.46725083302		0.5	0.5
5&6		2.46477818489	1.91529083252	21.0681991577	31.0681991577	2.46013318489		0.6	0.545454545455
5&7		2.77169799805	1.9868192474	23.8418309689	34.8418309689	2.76860699805		0.6	0.583333333333
5&8		2.10760402679	1.99623885522	25.9511051178	37.9511051178	2.10455102679		0.6	0.615384615385
5&9		2.73021197319	2.04877071721	28.682790041	41.682790041	2.72787297319		0.7	0.642857142857
5&10		2.71868991852	2.09352906545	31.4029359818	45.4029359818	2.71658491852		0.7	0.666666666667
5&11		2.05555701256	2.09125982225	33.460157156	48.460157156	2.05459501256		0.8	0.6875
5&12		3.64330792427	2.18264405868	37.1049489975	53.1049489975	3.64210092427		0.9	0.705882352941
6&12		0.658940076828	2.09807756212	37.7653961182	54.7653961182	0.654865076828		0.9	0.666666666667
6&13		2.73183107376	2.1315032181	40.4985611439	58.4985611439	2.73076707376		0.9	0.684210526316
6&14		2.21997404099	2.13600250483	42.7200500965	61.7200500965	2.21789404099		0.9	0.7
6&15		3.13912606239	2.18384705271	45.8607881069	65.8607881069	3.13790506239		0.9	0.714285714286
6&16		2.45959401131	2.19644640792	48.3218209743	69.3218209743	2.45759601131		0.9	0.727272727273
6&17		2.10486888885	2.19254365175	50.4285039902	72.4285039902	2.10339988885		0.9	0.739130434783
7&17		0.934793949127	2.14020383358	51.3648920059	74.3648920059	0.928656949127		0.8	0.708333333333
8&17		0.840232133865	2.08826160431	52.2065401077	76.2065401077	0.835085133865		0.7	0.68
8&18		2.05232906342	2.08693711574	54.2603650093	79.2603650093	2.05099806342		0.7	0.692307692308
9&18		0.320905208588	2.02158326573	54.5827481747	80.5827481747	0.317083208588		0.6	0.666666666667
10&18		0.605694055557	1.97106553827	55.1898350716	82.1898350716	0.601769055557		0.6	0.642857142857
10&19		3.49527311325	2.02367648585	58.6866180897	86.6866180897	3.49272411325		0.6	0.655172413793
11&19		1.31455397606	2.00008733273	60.0026199818	89.0026199818	1.30868197606		0.5	0.633333333333
11&20		2.74585413933	2.02419229477	62.7499611378	92.7499611378	2.74421013933		0.5	0.645161290323
12&20		1.37888717651	2.0040718168	64.1302981377	95.1302981377	1.37268717651		0.4	0.625
12&21		2.10310006142	2.00711530628	66.2348051071	98.2348051071	2.10199706142		0.4	0.636363636364
12&22		2.10941505432	2.01016961827	68.3457670212	101.345767021	2.10826805432		0.5	0.647058823529
13&22		1.60017895699	1.99849688666	69.9473910332	103.947391033	1.59605195699		0.5	0.628571428571
14&22		0.625913143158	1.96040617095	70.5746221542	105.574622154	0.622094143158		0.4	0.611111111111
14&23		2.72440505028	1.98109091939	73.3003640175	109.300364017	2.72250505028		0.5	0.621621621622
14&24		2.21137690544	1.98719357817	75.5133559704	112.51335597	2.20944390544		0.6	0.631578947368
14&25		2.20617318153	1.9928451318	77.7209601402	115.72096014	2.20404018153		0.6	0.641025641026
14&26		2.20790791512	1.99826599956	79.9306399822	118.930639982	2.20522691512		0.7	0.65
15&26		1.12690877914	1.97705885259	81.0594129562	121.059412956	1.12268677914		0.6	0.634146341463
15&27		2.61296892166	1.99223514398	83.6738760471	124.673876047	2.61168592166		0.7	0.642857142857
15&28		2.65235900879	2.00762311802	86.327794075	128.327794075	2.65076000879		0.7	0.651162790698
15&29		2.60387706757	2.0212085247	88.933175087	131.933175087	2.60264906757		0.7	0.659090909091
15&30		2.20354580879	2.02529759937	91.1383919716	135.138391972	2.20099580879		0.8	0.666666666667
15&31		2.45096683502	2.03458665247	93.5909860134	138.590986013	2.44868383502		0.9	0.673913043478
16&31		1.27006292343	2.01835366006	94.8626220226	140.862622023	1.26592392343		0.8	0.659574468085
17&31		0.877138137817	1.99460567037	95.7410721779	142.741072178	0.873210137817		0.7	0.645833333333
18&31		0.661983013153	1.9674384302	96.4044830799	144.40448308	0.657881013153		0.6	0.632653061224
18&32		2.60421800613	1.98020242214	99.0101211071	148.010121107	2.60292000613		0.6	0.64
18&33		2.6836669445	1.99402521638	101.695286036	151.695286036	2.6824089445		0.7	0.647058823529
18&34		2.046875	1.99506882979	103.743579149	154.743579149	2.045925		0.7	0.653846153846
19&34		0.943817138672	1.97526287133	104.68893218	156.68893218	0.939067138672		0.6	0.641509433962
19&35		2.74456715584	1.98953429858	107.434852123	160.434852123	2.74338415584		0.6	0.648148148148
20&35		0.63814997673	1.96498983557	108.074440956	162.074440956	0.63409397673		0.5	0.636363636364
21&35		1.33298802376	1.95372917822	109.408833981	164.408833981	1.32858002376		0.4	0.625
22&35		0.661208152771	1.93107893174	110.071499109	166.071499109	0.656241152771		0.4	0.614035087719
22&36		2.10927796364	1.93417663821	112.182245016	169.182245016	2.10810396364		0.5	0.620689655172
22&37		2.6662569046	1.94661074574	114.850033998	172.850033998	2.6649619046		0.6	0.627118644068
23&37		0.823230028152	1.92791448434	115.674869061	174.674869061	0.817885028152		0.5	0.616666666667
23&38		3.70342898369	1.9570454105	119.379770041	179.379770041	3.70112298369		0.5	0.622950819672
24&38		0.383572101593	1.9316985338	119.765309095	180.765309095	0.377630101593		0.4	0.612903225806
25&38		1.33802103996	1.92230112969	121.10497117	183.10497117	1.33267003996		0.4	0.603174603175
26&38		0.613795042038	1.90187893808	121.720252037	184.720252037	0.609674042038		0.3	0.59375
27&38		0.974917888641	1.8876382461	122.696485996	186.696485996	0.970531888641		0.3	0.584615384615
28&38		0.846275091171	1.87187998584	123.544079065	188.544079065	0.842307091171		0.3	0.575757575758
29&38		0.314815998077	1.84866124125	123.860303164	189.860303164	0.309750998077		0.3	0.567164179104
30&38		1.4902369976	1.84341134043	125.351971149	192.351971149	1.4855959976		0.2	0.558823529412
31&38		0.693104028702	1.82676037844	126.046466112	194.046466112	0.688819028702		0.1	0.550724637681
32&38		0.721038103104	1.8109858581	126.769010067	195.769010067	0.716608103104		0.1	0.542857142857
32&39		2.19604206085	1.81642832555	128.966411114	198.966411114	2.19379706085		0.1	0.549295774648
32&40		3.52604603767	1.84019670884	132.494163036	203.494163036	3.52421103767		0.2	0.555555555556
33&40		0.320732831955	1.81940205456	132.816349983	204.816349983	0.315019831955		0.2	0.547945205479
33&41		2.05463290215	1.82260008116	134.872406006	207.872406006	2.05365090215		0.3	0.554054054054
33&42		2.20074701309	1.82766078631	137.074558973	211.074558973	2.19832501309		0.4	0.56
34&42		0.576340913773	1.81121626339	137.652436018	212.652436018	0.572675913773		0.4	0.552631578947
35&42		1.65525102615	1.80920920744	139.309108973	215.309108973	1.65047702615		0.4	0.545454545455
36&42		0.900568962097	1.79757823088	140.211102009	217.211102009	0.896398962097		0.4	0.538461538462
36&43		2.60275793076	1.80778753305	142.815215111	220.815215111	2.60170693076		0.5	0.544303797468
36&44		3.44968390465	1.82833046317	146.266437054	225.266437054	3.44732290465		0.6	0.55
37&44		0.759423971176	1.81515112335	147.027240992	227.027240992	0.754274971176		0.5	0.543209876543
37&45		2.67586398125	1.82567039059	149.704972029	230.704972029	2.67446298125		0.5	0.548780487805
37&46		2.71470689774	1.83639931392	152.421143055	234.421143055	2.71187989774		0.6	0.55421686747
37&47		2.20827293396	1.84084365481	154.630867004	237.630867004	2.20608593396		0.6	0.559523809524
37&48		2.22335505486	1.84537077792	156.856516123	240.856516123	2.21846605486		0.6	0.564705882353
37&49		2.19866609573	1.84949893175	159.056908131	244.056908131	2.19488909573		0.7	0.56976744186
38&49		3.85084295273	1.87252278164	162.909482002	248.909482002	3.84189195273		0.7	0.563218390805
38&50		2.67943692207	1.88171727278	165.591120005	252.591120005	2.67742992207		0.8	0.568181818182
38&51		3.21054792404	1.89666558384	168.803236961	256.803236961	3.20576992404		0.8	0.573033707865
39&51		0.619010925293	1.88249255551	169.424329996	258.424329996	0.610571925293		0.7	0.566666666667
39&52		3.62588405609	1.90166659408	173.051660061	263.051660061	3.62298605609		0.8	0.571428571429
40&52		1.2177760601	1.89426064232	174.271979094	265.271979094	1.2103040601		0.7	0.565217391304
41&52		0.378010988235	1.87797246184	174.651438951	266.651438951	0.367857988235		0.6	0.559139784946
42&52		0.620476961136	1.8646153516	175.27384305	268.27384305	0.610785961136		0.5	0.553191489362
43&52		0.622256994247	1.85156106447	175.898301125	269.898301125	0.611334994247		0.4	0.547368421053
43&53		2.1110868454	1.85428584367	178.011440992	273.011440992	2.1093078454		0.4	0.552083333333
43&54		2.72931909561	1.86332368113	180.74239707	276.74239707	2.72462709561		0.5	0.556701030928
44&54		1.20229911804	1.85659997074	181.946797132	278.946797132	1.19579811804		0.4	0.551020408163
45&54		1.94660282135	1.85752406024	183.894881964	281.894881964	1.94214082135		0.3	0.545454545455
46&54		1.3774368763	1.8527374506	185.27374506	284.27374506	1.3695688763		0.3	0.54
46&55		3.60114192963	1.87006410986	188.876475096	288.876475096	3.59975292963		0.3	0.544554455446
46&56		3.71080803871	1.88812748124	192.589003086	293.589003086	3.70915603871		0.4	0.549019607843
46&57		2.21633505821	1.89132905006	194.806892157	296.806892157	2.21392305821		0.5	0.553398058252
46&58		2.66621398926	1.89879753039	197.474943161	300.474943161	2.66481098926		0.6	0.557692307692

Total-Times:104	Loss-Times:58	Recent 10 times loss possiblity: 0.6	Total Hex File Loss number: 29
