Times(S&L)	Runnig-Time	Average-Time	Total-Time	Total-ExeTime	Msg-trans-Time		LP	TLP
1&0		0.212826967239	0.213441848755	0.213441848755	0.213441848755	0.209157967239		0.0	0.0
2&0		0.191000938416	0.20293545723	0.405870914459	1.40587091446	0.187894938416		0.0	0.0
3&0		0.208993911743	0.205395619075	0.616186857224	2.61618685722	0.206059911743		0.0	0.0
4&0		0.557593107224	0.293770730495	1.17508292198	4.17508292198	0.553939107224		0.0	0.0
5&0		0.729160070419	0.381108999252	1.90554499626	5.90554499626	0.725665070419		0.0	0.0
6&0		0.154438018799	0.343541661898	2.06124997139	7.06124997139	0.151265018799		0.0	0.0
7&0		0.432896137238	0.356493132455	2.49545192719	8.49545192719	0.429590137238		0.0	0.0
8&0		0.200520992279	0.337157249451	2.69725799561	9.69725799561	0.197396992279		0.0	0.0
9&0		0.198166847229	0.321860313416	2.89674282074	10.8967428207	0.195006847229		0.0	0.0
9&1		2.58505511284	0.548305797577	5.48305797577	14.4830579758	2.58405111284		0.1	0.1
10&1		1.25867795944	0.61301352761	6.74314880371	16.7431488037	1.25519395944		0.1	0.0909090909091
11&1		0.713567018509	0.621513823668	7.45816588402	18.458165884	0.709943018509		0.1	0.0833333333333
12&1		0.185382843018	0.58806852194	7.64489078522	19.6448907852	0.182287843018		0.1	0.0769230769231
13&1		0.198223114014	0.560316136905	7.84442591667	20.8444259167	0.195106114014		0.1	0.0714285714286
14&1		1.20202708244	0.603193791707	9.04790687561	23.0479068756	1.19869008244		0.1	0.0666666666667
15&1		0.168714046478	0.576120182872	9.21792292595	24.2179229259	0.165448046478		0.1	0.0625
16&1		0.204228878021	0.554320167093	9.42344284058	25.4234428406	0.201127878021		0.1	0.0588235294118
17&1		0.230867147446	0.536429444949	9.65573000908	26.6557300091	0.227459147446		0.1	0.0555555555556
18&1		0.225399017334	0.520135365034	9.88257193565	27.8825719357	0.220637017334		0.1	0.0526315789474
19&1		1.58622193336	0.573512244225	11.4702448845	30.4702448845	1.58244793336		0.0	0.05
20&1		0.649553060532	0.577199425016	12.1211879253	32.1211879253	0.645918060532		0.0	0.047619047619
21&1		0.19006896019	0.559630404819	12.311868906	33.311868906	0.18612296019		0.0	0.0454545454545
22&1		0.185873031616	0.543444301771	12.4992189407	34.4992189407	0.182621031616		0.0	0.0434782608696
23&1		0.191580057144	0.52883870403	12.6921288967	35.6921288967	0.188188057144		0.0	0.0416666666667
24&1		0.203474998474	0.5158781147	12.8969528675	36.8969528675	0.198960998474		0.0	0.04
24&2		2.54794812202	0.594090920228	15.4463639259	40.4463639259	2.54645812202		0.1	0.0769230769231
25&2		0.208333969116	0.579870480078	15.6565029621	41.6565029621	0.203545969116		0.1	0.0740740740741
26&2		0.211400032043	0.566761672497	15.8693268299	42.8693268299	0.208015032043		0.1	0.0714285714286
27&2		0.209171056747	0.554479689434	16.0799109936	44.0799109936	0.204877056747		0.1	0.0689655172414
28&2		0.190041065216	0.542377297084	16.2713189125	45.2713189125	0.186366065216		0.1	0.0666666666667
29&2		0.179244995117	0.530708351443	16.4519588947	46.4519588947	0.174875995117		0.1	0.0645161290323
29&3		2.57256889343	0.594563119113	19.0260198116	50.0260198116	2.57115389343		0.2	0.09375
30&3		0.247503995895	0.584100362026	19.2753119469	51.2753119469	0.243880995895		0.2	0.0909090909091
31&3		1.23836803436	0.603383968858	20.5150549412	53.5150549412	1.23344503436		0.2	0.0882352941176
31&4		2.19047808647	0.648770768302	22.7069768906	56.7069768906	2.18777308647		0.3	0.114285714286
32&4		0.197890043259	0.636286218961	22.9063038826	57.9063038826	0.194424043259		0.2	0.111111111111
33&4		0.435810089111	0.630907458228	23.3435759544	59.3435759544	0.430786089111		0.2	0.108108108108
34&4		0.191515922546	0.619381678732	23.5365037918	60.5365037918	0.188312922546		0.2	0.105263157895
35&4		0.186193943024	0.608307636701	23.7239978313	61.7239978313	0.181695943024		0.2	0.102564102564
36&4		0.207579851151	0.598326420784	23.9330568314	62.9330568314	0.204361851151		0.2	0.1
37&4		0.188191890717	0.588358850014	24.1227128506	64.1227128506	0.183134890717		0.2	0.0975609756098
37&5		2.6011838913	0.636318399793	26.7253727913	67.7253727913	2.5995068913		0.2	0.119047619048
38&5		0.202260017395	0.626256576804	26.9290328026	68.9290328026	0.199249017395		0.2	0.116279069767
39&5		0.192134141922	0.616421862082	27.1225619316	70.1225619316	0.188693141922		0.2	0.113636363636
40&5		1.50093579292	0.636106861962	28.6248087883	72.6248087883	1.49713479292		0.1	0.111111111111
41&5		1.46886587143	0.654241344203	30.0951018333	75.0951018333	1.46381287143		0.1	0.108695652174
42&5		0.215156078339	0.644929297427	30.3116769791	76.3116769791	0.211892078339		0.1	0.106382978723
43&5		0.177920818329	0.635228683551	30.4909768105	77.4909768105	0.174650818329		0.1	0.104166666667
44&5		0.198473930359	0.626332385199	30.6902868748	78.6902868748	0.195253930359		0.1	0.102040816327
45&5		1.57051205635	0.645242819786	32.2621409893	81.2621409893	1.56598905635		0.1	0.1
46&5		0.196127891541	0.636464193756	32.4596738815	82.4596738815	0.192387891541		0.1	0.0980392156863
47&5		0.554686069489	0.634921344427	33.0159099102	84.0159099102	0.549790069489		0.0	0.0961538461538
47&6		2.55554103851	0.671187697716	35.572947979	87.572947979	2.55430703851		0.1	0.11320754717
48&6		0.198477983475	0.662459792914	35.7728288174	88.7728288174	0.195063983475		0.1	0.111111111111
49&6		0.178368091583	0.65368272608	35.9525499344	89.9525499344	0.175291091583		0.1	0.109090909091
49&7		2.57421207428	0.68800087486	38.5280489922	93.5280489922	2.57327307428		0.2	0.125
50&7		1.89636111259	0.709224876605	40.4258179665	96.4258179665	1.89245011259		0.2	0.122807017544
51&7		1.19438099861	0.717614617841	41.6216478348	98.6216478348	1.18973899861		0.2	0.120689655172
52&7		0.193252801895	0.708752809945	41.8164157867	99.8164157867	0.190116801895		0.2	0.118644067797
53&7		0.170857906342	0.699810131391	41.9886078835	100.988607883	0.166584906342		0.2	0.116666666667
54&7		0.197523117065	0.691599114996	42.1875460148	102.187546015	0.193748117065		0.2	0.114754098361
55&7		0.193141937256	0.683581367616	42.3820447922	103.382044792	0.189903937256		0.2	0.112903225806
55&8		2.63656806946	0.714603984167	45.0200510025	107.020051003	2.63532006946		0.2	0.126984126984
56&8		0.54950594902	0.712049029768	45.5711379051	108.571137905	0.54571994902		0.2	0.125
57&8		0.208629131317	0.704324230781	45.7810750008	109.781075001	0.204445131317		0.2	0.123076923077
58&8		0.466410160065	0.700730605559	46.2482199669	111.248219967	0.463070160065		0.1	0.121212121212
59&8		0.462172031403	0.697191266871	46.7118148804	112.71181488	0.458867031403		0.1	0.119402985075
60&8		0.19659113884	0.689851704766	46.9099159241	113.909915924	0.19323413884		0.1	0.117647058824
60&9		2.57714390755	0.717225026393	49.4885268211	117.488526821	2.57569090755		0.2	0.130434782609
61&9		0.192466974258	0.709748111452	49.6823678017	118.682367802	0.189306974258		0.2	0.128571428571
62&9		0.574549913406	0.707862447685	50.2582337856	120.258233786	0.571204913406		0.2	0.12676056338
63&9		0.89134979248	0.710429622067	51.1509327888	122.150932789	0.88776179248		0.2	0.125
64&9		0.442970991135	0.706784326736	51.5952558517	123.595255852	0.438892991135		0.1	0.123287671233
65&9		0.199288845062	0.699944051536	51.7958598137	124.795859814	0.196040845062		0.1	0.121621621622
66&9		0.203728199005	0.693346573512	52.0009930134	126.000993013	0.200441199005		0.1	0.12
67&9		0.183255910873	0.686645419974	52.185051918	127.185051918	0.179724910873		0.1	0.118421052632
68&9		0.194319963455	0.680269154635	52.3807249069	128.380724907	0.189968963455		0.1	0.116883116883
69&9		0.19883108139	0.674115153459	52.5809819698	129.58098197	0.19561008139		0.1	0.115384615385
69&10		2.53736710548	0.69771108748	55.1191759109	133.119175911	2.53629610548		0.1	0.126582278481
70&10		0.195848941803	0.691455698013	55.3164558411	134.316455841	0.192714941803		0.1	0.125
71&10		1.25324583054	0.698407293838	56.5709908009	136.570990801	1.25011983054		0.1	0.123456790123
72&10		0.185285806656	0.692165485243	56.7575697899	137.75756979	0.182266806656		0.1	0.121951219512
73&10		0.709615945816	0.692391214601	57.4684708118	139.468470812	0.706143945816		0.1	0.120481927711
74&10		1.22978806496	0.698805283932	58.6996438503	141.69964385	1.22638906496		0.1	0.119047619048
75&10		0.234373092651	0.693356881422	58.9353349209	142.935334921	0.231185092651		0.1	0.117647058824
76&10		0.185889959335	0.687472382257	59.1226248741	144.122624874	0.182491959335		0.1	0.116279069767
76&11		3.13758897781	0.715649445852	62.2615017891	148.261501789	3.13660797781		0.2	0.126436781609
77&11		0.664052963257	0.715079781684	62.9270207882	149.927020788	0.660790963257		0.2	0.125
78&11		0.164593935013	0.708909471383	63.0929429531	151.092942953	0.160332935013		0.1	0.123595505618
78&12		4.01878595352	0.745701988538	67.1131789684	156.113178968	4.01716595352		0.2	0.133333333333
79&12		0.204408884048	0.739770975742	67.3191587925	157.319158792	0.200626884048		0.2	0.131868131868
80&12		0.20224905014	0.733943161757	67.5227708817	158.522770882	0.19848105014		0.2	0.130434782609
81&12		0.213347911835	0.728360740087	67.7375488281	159.737548828	0.209998911835		0.2	0.129032258065
82&12		0.1949467659	0.722699933864	67.9337937832	160.933793783	0.1916087659		0.2	0.127659574468
83&12		0.813044071198	0.723665167156	68.7481908798	162.74819088	0.808940071198		0.2	0.126315789474
84&12		0.368514060974	0.719979196787	69.1180028915	164.118002892	0.364057060974		0.2	0.125
85&12		0.224688768387	0.714887090565	69.3440477848	165.344047785	0.221183768387		0.1	0.123711340206
85&13		2.60419392586	0.734178917749	71.9495339394	168.949533939	2.60295592586		0.2	0.132653061224
86&13		0.194571018219	0.728743969792	72.1456530094	170.145653009	0.190491018219		0.2	0.131313131313
86&14		2.59102892876	0.747384088039	74.7384088039	173.738408804	2.58955992876		0.2	0.14
87&14		0.19465303421	0.741925277332	74.9344530106	174.934453011	0.19172303421		0.2	0.138613861386
88&14		0.612227916718	0.740666352066	75.5479679108	176.547967911	0.608231916718		0.2	0.137254901961
89&14		0.871778011322	0.741951736432	76.4210288525	178.421028852	0.868147011322		0.2	0.135922330097
90&14		0.207484006882	0.736825305682	76.6298317909	179.629831791	0.204521006882		0.2	0.134615384615
91&14		0.183981895447	0.731572637104	76.8151268959	180.815126896	0.181039895447		0.2	0.133333333333
92&14		0.411660194397	0.728566754539	77.2280759811	182.228075981	0.408087194397		0.2	0.132075471698
93&14		0.205140113831	0.723687027102	77.4345118999	183.4345119	0.201793113831		0.2	0.130841121495
94&14		0.200426101685	0.718854842363	77.6363229752	184.636322975	0.196557101685		0.1	0.12962962963
95&14		1.86822485924	0.729411420472	79.5058448315	187.505844831	1.86474485924		0.1	0.128440366972
95&15		2.52597308159	0.745756571943	82.0332229137	191.033222914	2.52504308159		0.1	0.136363636364
96&15		0.186701059341	0.740732611837	82.2213199139	192.221319914	0.183350059341		0.1	0.135135135135
97&15		1.19949102402	0.744840240904	83.4221069813	194.422106981	1.19609002402		0.1	0.133928571429
97&16		2.56139492989	0.760927529462	85.9848108292	197.984810829	2.56020892989		0.2	0.141592920354
98&16		0.474591016769	0.758428138599	86.4608078003	199.4608078	0.470545016769		0.2	0.140350877193
98&17		2.55354595184	0.774046389953	89.0153348446	203.015334845	2.55262295184		0.3	0.147826086957
99&17		0.203571081161	0.769140292858	89.2202739716	204.220273972	0.200270081161		0.3	0.146551724138
100&17		1.90080094337	0.778824853082	91.1225078106	207.122507811	1.89531694337		0.3	0.145299145299
101&17		1.23637104034	0.782714872037	92.3603549004	209.3603549	1.23283004034		0.3	0.14406779661
102&17		0.201210021973	0.777839183807	92.5628628731	210.562862873	0.197797021973		0.3	0.142857142857
103&17		0.19446516037	0.772988416751	92.7586100101	211.75861001	0.19116216037		0.2	0.141666666667
103&18		2.5988779068	0.788090593559	95.3589618206	215.358961821	2.5975809068		0.3	0.148760330579
104&18		0.189674139023	0.783197146947	95.5500519276	216.550051928	0.186362139023		0.3	0.147540983607
105&18		0.202989816666	0.778490591825	95.7543427944	217.754342794	0.199566816666		0.2	0.146341463415
106&18		0.560111999512	0.776740564454	96.3158299923	219.315829992	0.556751999512		0.2	0.145161290323
107&18		0.189110040665	0.772050783157	96.5063478947	220.506347895	0.185570040665		0.1	0.144
108&18		0.176815986633	0.76733742063	96.6845149994	221.684514999	0.173615986633		0.1	0.142857142857
109&18		0.192865848541	0.762824400203	96.8786988258	222.878698826	0.189688848541		0.1	0.141732283465
110&18		0.19895195961	0.758430866525	97.0791509151	224.079150915	0.19519295961		0.1	0.140625
110&19		2.03745388985	0.768356689187	99.1180129051	227.118012905	2.03662788985		0.2	0.147286821705
110&20		2.03359413147	0.778100061417	101.153007984	230.153007984	2.03276813147		0.3	0.153846153846
110&21		2.53738808632	0.791540449812	103.691798925	233.691798925	2.53640308632		0.3	0.160305343511
111&21		0.187776088715	0.786976848588	103.880944014	234.880944014	0.184332088715		0.3	0.159090909091
111&22		2.53588891029	0.800133036492	106.417693853	238.417693853	2.53488091029		0.4	0.165413533835
112&22		0.199385166168	0.795660291145	106.618479013	239.618479013	0.196180166168		0.4	0.164179104478
113&22		1.18474888802	0.79855299879	107.804654837	241.804654837	1.18164288802		0.4	0.162962962963
114&22		0.202049016953	0.794176610077	108.00801897	243.00801897	0.198980016953		0.4	0.161764705882
115&22		0.1936378479	0.789802465996	108.202937841	244.202937841	0.1903748479		0.4	0.160583941606
115&23		3.52670693398	0.809644534968	111.730945826	248.730945826	3.52570893398		0.5	0.166666666667
116&23		0.191187858582	0.805205480658	111.923561811	249.923561811	0.187876858582		0.4	0.165467625899
117&23		0.189641952515	0.80081805672	112.114527941	251.114527941	0.185659952515		0.3	0.164285714286
118&23		0.833302974701	0.801059716137	112.949419975	252.949419975	0.829108974701		0.2	0.163120567376
119&23		1.2820520401	0.804456322965	114.232797861	255.232797861	1.2772740401		0.2	0.161971830986
120&23		0.796561956406	0.804411286241	115.030813932	257.030813932	0.791261956406		0.1	0.160839160839
120&24		2.16280603409	0.813854840067	117.19509697	260.19509697	2.15970303409		0.2	0.166666666667
121&24		0.202467918396	0.809648260577	117.398997784	261.398997784	0.199139918396		0.2	0.165517241379
122&24		0.201722145081	0.805493335201	117.602026939	262.602026939	0.196950145081		0.2	0.164383561644
123&24		0.309963941574	0.802132257799	117.913441896	263.913441896	0.304680941574		0.2	0.163265306122
124&24		0.749170064926	0.801784533101	118.664110899	265.664110899	0.743921064926		0.1	0.162162162162
125&24		0.228229999542	0.797944838569	118.893780947	266.893780947	0.223612999542		0.1	0.161073825503
126&24		0.211093187332	0.794042259852	119.106338978	268.106338978	0.206317187332		0.1	0.16
127&24		0.205714941025	0.790155556028	119.31348896	269.31348896	0.200362941025		0.1	0.158940397351
128&24		0.206342935562	0.786324439864	119.521314859	270.521314859	0.203084935562		0.1	0.157894736842
128&25		2.53680801392	0.797774208917	122.059453964	274.059453964	2.53554901392		0.2	0.16339869281
129&25		1.02438998222	0.799256142084	123.085445881	276.085445881	1.02079498222		0.1	0.162337662338
130&25		0.210171937943	0.795464089609	123.296933889	277.296933889	0.206842937943		0.1	0.161290322581
131&25		0.680342912674	0.794734248748	123.978542805	278.978542805	0.677005912674		0.1	0.160256410256
132&25		0.207979202271	0.791005184696	124.187813997	280.187813997	0.204570202271		0.1	0.15923566879
133&25		0.205473899841	0.787307410301	124.394570827	281.394570827	0.202500899841		0.1	0.158227848101
134&25		0.16707611084	0.783414635268	124.562927008	282.562927008	0.16311211084		0.1	0.157232704403
135&25		0.511327028275	0.781723636389	125.075781822	284.075781822	0.507460028275		0.1	0.15625
135&26		2.5369181633	0.792633646023	127.61401701	287.61401701	2.5352791633		0.2	0.16149068323
136&26		0.212451934814	0.789062264525	127.828086853	288.828086853	0.207947934814		0.2	0.16049382716
137&26		0.177834033966	0.785321109865	128.007340908	290.007340908	0.174425033966		0.1	0.159509202454
138&26		0.21203494072	0.781833615245	128.2207129	291.2207129	0.20734894072		0.1	0.158536585366
139&26		0.48006606102	0.780013374849	128.70220685	292.70220685	0.47540806102		0.1	0.157575757576
140&26		1.2942609787	0.78312004187	129.99792695	294.99792695	1.2893259787		0.1	0.156626506024
140&27		2.16471719742	0.791401604692	132.164067984	298.164067984	2.16134919742		0.2	0.161676646707
141&27		0.532454013824	0.789869891746	132.698141813	299.698141813	0.527512013824		0.2	0.160714285714
142&27		0.425261974335	0.787722708911	133.125137806	301.125137806	0.420173974335		0.2	0.159763313609
143&27		1.20966696739	0.790213534411	134.33630085	303.33630085	1.20515096739		0.2	0.158823529412
144&27		0.203254938126	0.786789707273	134.541039944	304.541039944	0.199253938126		0.1	0.157894736842
145&27		0.173000097275	0.783229040545	134.715394974	305.715394974	0.168452097275		0.1	0.156976744186
146&27		0.648034095764	0.782455965274	135.364881992	307.364881992	0.642498095764		0.1	0.156069364162
147&27		0.219222784042	0.779227332137	135.585555792	308.585555792	0.214609784042		0.1	0.155172413793
148&27		0.651874065399	0.778507942472	136.238889933	310.238889933	0.647712065399		0.1	0.154285714286
149&27		0.426280021667	0.776514175263	136.666494846	311.666494846	0.421904021667		0.1	0.153409090909
149&28		2.16349887848	0.784359106236	138.831561804	314.831561804	2.16113387848		0.1	0.158192090395
150&28		0.193673849106	0.781048634079	139.026656866	316.026656866	0.190421849106		0.1	0.157303370787
151&28		0.191211938858	0.777761145011	139.219244957	317.219244957	0.183725938858		0.1	0.156424581006
151&29		3.9853579998	0.795590115918	143.206220865	322.206220865	3.9837789998		0.2	0.161111111111
152&29		0.433564901352	0.793598612369	143.641348839	323.641348839	0.428887901352		0.2	0.160220994475
152&30		3.53835582733	0.808682339532	147.180185795	328.180185795	3.53689582733		0.3	0.164835164835
153&30		0.181674957275	0.805263818939	147.363278866	329.363278866	0.178130957275		0.3	0.16393442623
154&30		1.20215010643	0.807428635981	148.56686902	331.56686902	1.19740010643		0.3	0.163043478261
154&31		2.54826307297	0.816846420958	151.116587877	335.116587877	2.54678507297		0.4	0.167567567568
155&31		1.26390790939	0.81925772467	152.381936789	337.381936789	1.25899290939		0.4	0.166666666667
156&31		0.206491947174	0.81598889764	152.589923859	338.589923859	0.202043947174		0.3	0.16577540107
157&31		0.190470933914	0.81266955746	152.781876802	339.781876802	0.185637933914		0.3	0.164893617021
158&31		0.165619134903	0.809253709026	152.948951006	340.948951006	0.161302134903		0.3	0.164021164021
159&31		0.216176986694	0.806139588356	153.166521788	342.166521788	0.212419986694		0.2	0.163157894737
160&31		0.194371938705	0.802943742712	153.362254858	343.362254858	0.189808938705		0.2	0.162303664921
161&31		0.264026880264	0.8001445358	153.627750874	344.627750874	0.260620880264		0.1	0.161458333333
162&31		1.54350304604	0.804003475861	155.172670841	347.172670841	1.53839304604		0.1	0.160621761658
163&31		0.196383953094	0.800878216311	155.370373964	348.370373964	0.191925953094		0.1	0.159793814433
164&31		0.203339099884	0.797821209981	155.575135946	349.575135946	0.198752099884		0.0	0.158974358974
165&31		0.200115919113	0.794779224055	155.776727915	350.776727915	0.195735919113		0.0	0.158163265306
166&31		0.178510904312	0.791658212691	155.9566679	351.9566679	0.173843904312		0.0	0.157360406091
167&31		0.494881868362	0.790166488802	156.452964783	353.452964783	0.489769868362		0.0	0.156565656566
168&31		0.243933916092	0.787428933771	156.698357821	354.698357821	0.240678916092		0.0	0.155778894472
169&31		0.193416833878	0.78446539402	156.893078804	355.893078804	0.190058833878		0.0	0.155
170&31		0.196204900742	0.781545233371	157.090591908	357.090591908	0.192957900742		0.0	0.154228855721
171&31		0.193938970566	0.778642360527	157.285756826	358.285756826	0.190646970566		0.0	0.153465346535
172&31		0.205341100693	0.775824699496	157.492413998	359.492413998	0.202019100693		0.0	0.152709359606
173&31		0.188271999359	0.772950999877	157.682003975	360.682003975	0.184793999359		0.0	0.151960784314
174&31		0.19758105278	0.77015073125	157.880899906	361.880899906	0.19424605278		0.0	0.151219512195
175&31		1.47861099243	0.773594329658	159.36043191	364.36043191	1.47519099243		0.0	0.150485436893
176&31		0.193551063538	0.770798390614	159.555266857	365.555266857	0.190227063538		0.0	0.149758454106
176&32		2.55368804932	0.779376239731	162.110257864	369.110257864	2.55264604932		0.1	0.153846153846
177&32		0.206663131714	0.776642904327	162.318367004	370.318367004	0.202967131714		0.1	0.153110047847
178&32		0.223684072495	0.774017380533	162.543649912	371.543649912	0.218869072495		0.1	0.152380952381
179&32		0.178107023239	0.771199852369	162.72316885	372.72316885	0.174830023239		0.1	0.151658767773
180&32		0.189554929733	0.768462546591	162.914059877	373.914059877	0.186314929733		0.1	0.150943396226
181&32		0.206158161163	0.765829272113	163.12163496	375.12163496	0.197809161163		0.1	0.150234741784
182&32		0.190392971039	0.763148298887	163.313735962	376.313735962	0.186965971039		0.1	0.14953271028
183&32		1.25550198555	0.765444864229	164.570645809	378.570645809	1.25179998555		0.1	0.148837209302
183&33		2.52264213562	0.773586393506	167.094660997	382.094660997	2.52127313562		0.2	0.152777777778
184&33		0.197343111038	0.770937331811	167.293401003	383.293401003	0.193728111038		0.2	0.152073732719
185&33		0.209238052368	0.768367215034	167.504052877	384.504052877	0.204698052368		0.1	0.151376146789
186&33		1.10951304436	0.769931570036	168.615013838	386.615013838	1.10613304436		0.1	0.150684931507
187&33		0.417815923691	0.768337003751	169.034140825	388.034140825	0.414595923691		0.1	0.15
188&33		0.202652931213	0.765783252759	169.23809886	389.23809886	0.199073931213		0.1	0.149321266968
189&33		0.16895198822	0.763100698188	169.408354998	390.408354998	0.16565098822		0.1	0.148648648649
189&34		2.52825379372	0.771022043955	171.937915802	393.937915802	2.52741279372		0.2	0.152466367713
189&35		2.60006904602	0.779194290084	174.539520979	397.539520979	2.59906504602		0.3	0.15625
190&35		0.205718040466	0.776651741664	174.746641874	398.746641874	0.202486040466		0.3	0.155555555556
191&35		0.197560071945	0.774095672422	174.945621967	399.945621967	0.194041071945		0.2	0.154867256637
192&35		0.229186058044	0.771701166808	175.176164865	401.176164865	0.225377058044		0.2	0.154185022026
193&35		0.563462972641	0.770794003679	175.741032839	402.741032839	0.559539972641		0.2	0.15350877193
193&36		3.05211901665	0.78076199569	178.794497013	406.794497013	3.05110101665		0.3	0.157205240175
193&37		2.55694413185	0.788490691392	181.35285902	410.35285902	2.55587213185		0.4	0.160869565217
194&37		0.187350988388	0.785894341283	181.541592836	411.541592836	0.184055988388		0.4	0.160173160173
195&37		0.190800905228	0.783334991028	181.733717918	412.733717918	0.187636905228		0.4	0.159482758621
196&37		0.195521116257	0.780817776791	181.930541992	413.930541992	0.192337116257		0.3	0.158798283262
197&37		0.550708055496	0.779839824408	182.482518911	415.482518911	0.547131055496		0.2	0.15811965812
198&37		0.198674917221	0.777372301386	182.682490826	416.682490826	0.195494917221		0.2	0.157446808511
199&37		0.568994045258	0.776494868731	183.252789021	418.252789021	0.565458045258		0.2	0.156779661017
199&38		2.53274202347	0.78391066181	185.786826849	421.786826849	2.53174202347		0.3	0.160337552743
200&38		0.498290061951	0.782716667953	186.286566973	423.286566973	0.494922061951		0.3	0.159663865546
201&38		0.209656000137	0.780324656594	186.497592926	424.497592926	0.205324000137		0.2	0.1589958159
202&38		0.201266765594	0.777917761604	186.700262785	425.700262785	0.196835765594		0.1	0.158333333333
203&38		1.19331812859	0.779647344376	187.895009995	427.895009995	1.18980612859		0.1	0.157676348548
204&38		1.32362103462	0.781900937892	189.22002697	430.22002697	1.32005203462		0.1	0.157024793388
205&38		0.683174133301	0.781500152109	189.904536963	431.904536963	0.679781133301		0.1	0.156378600823
206&38		0.198074102402	0.779114536575	190.103946924	433.103946924	0.194600102402		0.1	0.155737704918
207&38		0.452594041824	0.777787521907	190.557942867	434.557942867	0.448306041824		0.1	0.155102040816
207&39		2.53672504425	0.784943035948	193.095986843	438.095986843	2.53576004425		0.2	0.158536585366
208&39		0.602579832077	0.784210335388	193.699952841	439.699952841	0.599091832077		0.1	0.157894736842
209&39		0.171241044998	0.781743959073	193.87250185	440.87250185	0.168014044998		0.1	0.157258064516
210&39		0.199554920197	0.779411015262	194.0733428	442.0733428	0.196266920197		0.1	0.156626506024
211&39		0.180608034134	0.777020979881	194.25524497	443.25524497	0.177235034134		0.1	0.156
211&40		2.55999803543	0.784129612949	196.81653285	446.81653285	2.55907903543		0.2	0.159362549801
212&40		0.210183143616	0.781858194442	197.028264999	448.028264999	0.206840143616		0.2	0.15873015873
213&40		0.458909988403	0.780586817519	197.488464832	449.488464832	0.455363988403		0.2	0.158102766798
214&40		0.184344053268	0.778244511349	197.674105883	450.674105883	0.181078053268		0.2	0.157480314961
214&41		2.56417608261	0.785253247093	200.239578009	454.239578009	2.56320908261		0.3	0.160784313725
214&42		2.05910992622	0.790234765038	202.30009985	457.30009985	2.05824592622		0.3	0.1640625
215&42		0.205178976059	0.787963769779	202.506688833	458.506688833	0.202028976059		0.3	0.163424124514
215&43		2.56940984726	0.794873611872	205.077391863	462.077391863	2.56834384726		0.4	0.166666666667
216&43		0.550433158875	0.793935115733	205.629194975	463.629194975	0.546950158875		0.4	0.166023166023
217&43		0.192431926727	0.79162691098	205.822996855	464.822996855	0.189191926727		0.4	0.165384615385
218&43		0.226708889008	0.789468363327	206.051242828	466.051242828	0.223436889008		0.3	0.164750957854
219&43		0.428555965424	0.788096343288	206.481241941	467.481241941	0.425161965424		0.3	0.164122137405
220&43		0.187021970749	0.785816113758	206.669637918	468.669637918	0.182656970749		0.3	0.163498098859
221&43		0.20365190506	0.783616359487	206.874718904	469.874718904	0.20037490506		0.3	0.162878787879
221&44		2.57678794861	0.790388086607	209.452842951	473.452842951	2.57574794861		0.3	0.166037735849
222&44		0.443066120148	0.789087729346	209.897336006	474.897336006	0.439797120148		0.2	0.165413533835
223&44		0.196397066116	0.786872804835	210.095038891	476.095038891	0.193164066116		0.2	0.164794007491
224&44		0.620355844498	0.786256596224	210.716767788	477.716767788	0.615170844498		0.1	0.164179104478
225&44		0.261287927628	0.784310534984	210.979533911	478.979533911	0.258169927628		0.1	0.163568773234
226&44		0.202503919601	0.782160803124	211.183416843	480.183416843	0.198947919601		0.1	0.162962962963
227&44		0.552685022354	0.781319283911	211.73752594	481.73752594	0.547639022354		0.1	0.162361623616
228&44		0.203256130219	0.779199190876	211.942179918	482.942179918	0.199801130219		0.1	0.161764705882
229&44		0.153650999069	0.776913058627	212.097265005	484.097265005	0.150421999069		0.1	0.161172161172
230&44		0.189629077911	0.774774368662	212.288177013	485.288177013	0.186426077911		0.1	0.160583941606
231&44		1.19851994514	0.776320108934	213.488029957	487.488029957	1.19535494514		0.0	0.16
231&45		2.16413211823	0.781353438246	215.653548956	490.653548956	2.16238211823		0.1	0.163043478261
232&45		0.203466892242	0.779272089796	215.858368874	491.858368874	0.200206892242		0.1	0.162454873646
233&45		0.190804958344	0.777160352083	216.050577879	493.050577879	0.187559958344		0.1	0.161870503597
234&45		0.541172981262	0.77631888851	216.592969894	494.592969894	0.537568981262		0.1	0.161290322581
235&45		1.17527794838	0.777748789106	217.76966095	496.76966095	1.17192094838		0.1	0.160714285714
236&45		0.198694944382	0.775692718309	217.969653845	497.969653845	0.195546944382		0.1	0.160142348754
237&45		0.542809009552	0.774871556471	218.513778925	499.513778925	0.539250009552		0.1	0.159574468085
238&45		0.18702507019	0.772798961127	218.702105999	500.702105999	0.18346207019		0.1	0.159010600707
238&46		2.54135084152	0.779031189395	221.244857788	504.244857788	2.54034384152		0.2	0.161971830986
239&46		0.470448970795	0.777953466616	221.716737986	505.716737986	0.466777970795		0.2	0.161403508772
240&46		0.820662975311	0.778107839031	222.538841963	507.538841963	0.817066975311		0.1	0.160839160839
241&46		0.193061828613	0.776073905234	222.733210802	508.733210802	0.190045828613		0.1	0.160278745645
242&46		0.207414865494	0.774103971819	222.941943884	509.941943884	0.204151865494		0.1	0.159722222222
243&46		1.60688281059	0.776990608361	224.550285816	512.550285816	1.60318781059		0.1	0.159169550173
244&46		0.437814950943	0.775825575302	224.989416838	513.989416838	0.434406950943		0.1	0.158620689655
245&46		0.782942056656	0.775854862023	225.773764849	515.773764849	0.779171056656		0.1	0.158075601375
246&46		0.155261039734	0.773734328681	225.930423975	516.930423975	0.151923039734		0.1	0.157534246575
247&46		0.218050956726	0.771842900397	226.149969816	518.149969816	0.213369956726		0.1	0.156996587031
248&46		0.4308989048	0.770687996125	226.582270861	519.582270861	0.4271599048		0.0	0.156462585034
248&47		3.0015771389	0.778255166038	229.585273981	523.585273981	3.0002971389		0.1	0.159322033898
248&48		2.04919505119	0.782553621241	231.635871887	526.635871887	2.04821105119		0.2	0.162162162162
249&48		0.18305683136	0.780539800824	231.820320845	527.820320845	0.17981783136		0.2	0.161616161616
250&48		0.195323944092	0.77858055678	232.01700592	529.01700592	0.191703944092		0.2	0.161073825503
251&48		0.522060871124	0.777727310474	232.540465832	530.540465832	0.514960871124		0.2	0.160535117057
251&49		2.16898608208	0.782370396455	234.711118937	533.711118937	2.16680808208		0.3	0.163333333333
251&50		2.64767503738	0.788572126053	237.360209942	537.360209942	2.64651703738		0.4	0.166112956811
252&50		0.200402021408	0.78662906893	237.561978817	538.561978817	0.197070021408		0.4	0.165562913907
253&50		0.403361082077	0.785368930389	237.966785908	539.966785908	0.398543082077		0.4	0.16501650165
254&50		0.157909870148	0.783309739671	238.12616086	541.12616086	0.154372870148		0.4	0.164473684211
255&50		0.190476179123	0.781370363861	238.317960978	542.317960978	0.187299179123		0.3	0.16393442623
256&50		0.203845024109	0.779487398715	238.523144007	543.523144007	0.200160024109		0.2	0.16339869281
257&50		0.958532094955	0.780075126828	239.483063936	545.483063936	0.954624094955		0.2	0.162866449511
258&50		0.198292970657	0.778190467265	239.682663918	546.682663918	0.194880970657		0.2	0.162337662338
259&50		0.2063601017	0.776344498384	239.890450001	547.890450001	0.2028811017		0.2	0.161812297735
259&51		2.66967988014	0.782456283416	242.561447859	551.561447859	2.66869688014		0.2	0.164516129032
260&51		0.196118831635	0.780575529939	242.758989811	552.758989811	0.192875831635		0.1	0.163987138264
261&51		0.157766103745	0.77858374669	242.918128967	553.918128967	0.154592103745		0.1	0.163461538462
262&51		0.456712961197	0.777559603365	243.376155853	555.376155853	0.453218961197		0.1	0.162939297125
263&51		0.204916000366	0.775740050966	243.582376003	556.582376003	0.201771000366		0.1	0.162420382166
263&52		2.16148996353	0.780143523595	245.745209932	559.745209932	2.15965596353		0.2	0.165079365079
264&52		2.06580996513	0.784216534488	247.812424898	562.812424898	2.06149796513		0.2	0.164556962025
265&52		1.32238602638	0.785918416285	249.136137962	565.136137962	1.31828702638		0.2	0.16403785489
266&52		1.47745895386	0.788097254135	250.614926815	567.614926815	1.47290095386		0.2	0.163522012579
266&53		2.64849996567	0.793933635969	253.264829874	571.264829874	2.64655096567		0.3	0.166144200627
267&53		1.96212387085	0.797588649392	255.228367805	574.228367805	1.95826387085		0.2	0.165625
268&53		0.165838956833	0.795624641615	255.395509958	575.395509958	0.162219956833		0.2	0.165109034268
269&53		0.862540960312	0.795836536781	256.259364843	577.259364843	0.858614960312		0.2	0.164596273292
270&53		0.861847877502	0.79604513874	257.122579813	579.122579813	0.857669877502		0.2	0.164086687307
271&53		0.205986022949	0.79422798716	257.32986784	580.32986784	0.202493022949		0.2	0.163580246914
272&53		0.212926149368	0.792443359815	257.54409194	581.54409194	0.209224149368		0.1	0.163076923077
273&53		1.27988886833	0.793942585313	258.825282812	583.825282812	1.27601386833		0.1	0.162576687117
274&53		1.11468100548	0.794927653916	259.941342831	585.941342831	1.11043400548		0.1	0.162079510703
275&53		1.20559501648	0.796183935753	261.148330927	588.148330927	1.20063601648		0.1	0.161585365854
275&54		2.57942390442	0.801608680592	263.729255915	591.729255915	2.57847190442		0.1	0.164133738602
276&54		0.603310108185	0.801011957544	264.33394599	593.33394599	0.599818108185		0.1	0.163636363636
277&54		0.195169210434	0.799185546863	264.530416012	594.530416012	0.191991210434		0.1	0.163141993958
278&54		1.28108596802	0.800641210682	265.812881947	596.812881947	1.27766696802		0.1	0.16265060241
279&54		0.178874969482	0.798778153039	265.993124962	597.993124962	0.174300969482		0.1	0.162162162162
280&54		0.236091852188	0.797098191198	266.23079586	599.23079586	0.228527852188		0.1	0.161676646707
281&54		0.204402923584	0.795331987694	266.436215878	600.436215878	0.201017923584		0.1	0.161194029851
282&54		0.201338768005	0.793568216619	266.638920784	601.638920784	0.198058768005		0.1	0.160714285714
283&54		0.551826953888	0.792854741348	267.192047834	603.192047834	0.548539953888		0.1	0.160237388724
284&54		0.201227903366	0.791108254145	267.394589901	604.394589901	0.197823903366		0.1	0.159763313609
284&55		3.01035690308	0.79765874587	270.40631485	608.40631485	3.00894590308		0.1	0.162241887906
285&55		0.489144086838	0.7967559555	270.89702487	609.89702487	0.485990086838		0.1	0.161764705882
286&55		1.29364490509	0.798217210602	272.192068815	612.192068815	1.28870390509		0.1	0.161290322581
287&55		0.416050195694	0.797104219247	272.609642982	613.609642982	0.411552195694		0.1	0.16081871345
288&55		0.433871030807	0.796049320315	273.044916868	615.044916868	0.429111030807		0.1	0.160349854227
289&55		1.54432606697	0.798228676929	274.590664864	617.590664864	1.54021106697		0.1	0.15988372093
289&56		2.63492894173	0.803555738753	277.22672987	621.22672987	2.63405794173		0.2	0.16231884058
290&56		0.154144048691	0.801682794714	277.382246971	622.382246971	0.151082048691		0.2	0.161849710983
291&56		1.24039816856	0.802950878995	278.623955011	624.623955011	1.23707516856		0.2	0.161383285303
292&56		0.186167001724	0.801182502303	278.811510801	625.811510801	0.181709001724		0.2	0.16091954023
293&56		0.226909160614	0.799541518476	279.039989948	627.039989948	0.223581160614		0.1	0.160458452722
294&56		0.565364837646	0.798876130922	279.606645823	628.606645823	0.562015837646		0.1	0.16
294&57		2.58261680603	0.803962064944	282.190684795	632.190684795	2.58141080603		0.2	0.162393162393
295&57		0.901238918304	0.804242419926	283.093331814	634.093331814	0.897801918304		0.2	0.161931818182
296&57		0.208655118942	0.802558906355	283.303293943	635.303293943	0.205357118942		0.2	0.161473087819
297&57		0.197828054428	0.800854279497	283.502414942	636.502414942	0.194424054428		0.2	0.161016949153
298&57		0.206303119659	0.799183222274	283.710043907	637.710043907	0.203160119659		0.1	0.160563380282
298&58		2.53718209267	0.804069061628	286.248585939	641.248585939	2.53628709267		0.2	0.162921348315
299&58		0.197784900665	0.802374663473	286.44775486	642.44775486	0.194473900665		0.2	0.162464985994
299&59		2.66670322418	0.80758585477	289.115736008	646.115736008	2.66566022418		0.3	0.164804469274
300&59		0.205548048019	0.805913478883	289.322938919	647.322938919	0.200827048019		0.3	0.1643454039
301&59		0.200968980789	0.804237013393	289.525324821	648.525324821	0.196481980789		0.3	0.163888888889
302&59		1.53111004829	0.806254675514	291.05793786	651.05793786	1.52402404829		0.2	0.163434903047
303&59		0.431275129318	0.805223284505	291.490828991	652.490828991	0.427927129318		0.2	0.162983425414
304&59		1.10484600067	0.80605137184	292.596647978	654.596647978	1.10139600067		0.2	0.162534435262
305&59		0.19718503952	0.804382200424	292.795120955	655.795120955	0.19420303952		0.2	0.162087912088
306&59		1.65964102745	0.806728837915	294.456025839	658.456025839	1.65431902745		0.2	0.161643835616
307&59		0.211253881454	0.805105742861	294.668701887	659.668701887	0.206450881454		0.1	0.161202185792
308&59		0.218608856201	0.803511511727	294.888724804	660.888724804	0.214241856201		0.1	0.160762942779
309&59		0.198256015778	0.801870622065	295.08838892	662.08838892	0.194844015778		0.0	0.160326086957
310&59		0.834347963333	0.80196217599	295.92404294	663.92404294	0.831078963333		0.0	0.159891598916
311&59		0.842856884003	0.802076137388	296.768170834	665.768170834	0.839495884003		0.0	0.159459459459
312&59		0.429057121277	0.801074234302	297.198540926	667.198540926	0.425808121277		0.0	0.159029649596
313&59		0.197406053543	0.799454930008	297.397233963	668.397233963	0.194101053543		0.0	0.158602150538
314&59		0.18928694725	0.797822819958	297.587911844	669.587911844	0.18581594725		0.0	0.1581769437
315&59		0.200904130936	0.796230275363	297.790122986	670.790122986	0.197609130936		0.0	0.157754010695
316&59		1.60118508339	0.798380544027	299.39270401	673.39270401	1.59770608339		0.0	0.157333333333
317&59		0.195514917374	0.7967806059	299.589507818	674.589507818	0.192704917374		0.0	0.156914893617
318&59		0.171569108963	0.795125702648	299.762389898	675.762389898	0.168586108963		0.0	0.15649867374
319&59		0.191992044449	0.793533584428	299.955694914	676.955694914	0.189083044449		0.0	0.156084656085
320&59		0.192778110504	0.791951941941	300.149785995	678.149785995	0.189887110504		0.0	0.155672823219
321&59		0.18315410614	0.790353273718	300.334244013	679.334244013	0.18018610614		0.0	0.155263157895
322&59		0.197316169739	0.788800118164	300.53284502	680.53284502	0.194422169739		0.0	0.154855643045
323&59		0.167819976807	0.787177913476	300.701962948	681.701962948	0.164822976807		0.0	0.15445026178
324&59		0.464835882187	0.786339717496	301.168111801	683.168111801	0.461687882187		0.0	0.154046997389
324&60		2.52518010139	0.790871387968	303.69461298	686.69461298	2.52420710139		0.1	0.15625
325&60		0.179504871368	0.789287033329	303.875507832	687.875507832	0.176279871368		0.1	0.155844155844
326&60		0.205842971802	0.787779183585	304.082764864	689.082764864	0.201395971802		0.1	0.155440414508
327&60		0.914481163025	0.788110173026	304.998636961	690.998636961	0.911031163025		0.1	0.15503875969
327&61		2.53186511993	0.792607765222	307.531812906	694.531812906	2.53096211993		0.2	0.157216494845
328&61		0.18873500824	0.791059009827	307.721954823	695.721954823	0.18533700824		0.2	0.156812339332
329&61		0.149210929871	0.789416679358	307.87250495	696.87250495	0.145678929871		0.2	0.15641025641
330&61		0.188396930695	0.787882902433	308.062214851	698.062214851	0.184950930695		0.2	0.156010230179
331&61		0.207043886185	0.786404798225	308.270680904	699.270680904	0.202444886185		0.2	0.155612244898
332&61		0.149218082428	0.784787071267	308.421319008	700.421319008	0.142084082428		0.2	0.155216284987
333&61		0.199244022369	0.783305195382	308.622246981	701.622246981	0.195766022369		0.1	0.154822335025
334&61		0.169686079025	0.781755450406	308.79340291	702.79340291	0.165063079025		0.1	0.154430379747
335&61		0.197087049484	0.780282646117	308.991927862	703.991927862	0.192798049484		0.1	0.15404040404
336&61		0.200809001923	0.778826692543	309.194196939	705.194196939	0.197655001923		0.1	0.153652392947
337&61		0.177066087723	0.777318276353	309.372673988	706.372673988	0.172530087723		0.0	0.153266331658
338&61		1.62420892715	0.779444330617	310.998287916	708.998287916	1.62081992715		0.0	0.152882205514
339&61		0.183866977692	0.777958984971	311.183593988	710.183593988	0.180336977692		0.0	0.1525
340&61		0.20710515976	0.776538665752	311.392004967	711.392004967	0.20384015976		0.0	0.152119700748
341&61		0.189862966537	0.775082756038	311.583267927	712.583267927	0.185427966537		0.0	0.151741293532
342&61		1.18156409264	0.776095012281	312.766289949	714.766289949	1.17814009264		0.0	0.151364764268
343&61		0.186537981033	0.774639064133	312.95418191	715.95418191	0.179217981033		0.0	0.15099009901
344&61		0.195754051208	0.773213888686	313.151624918	717.151624918	0.191548051208		0.0	0.150617283951
345&61		0.217386007309	0.771848583456	313.370524883	718.370524883	0.209965007309		0.0	0.150246305419
346&61		0.180222034454	0.770398936049	313.552366972	719.552366972	0.175717034454		0.0	0.149877149877
347&61		0.195877075195	0.768994316167	313.749680996	720.749680996	0.188716075195		0.0	0.149509803922
348&61		0.188023805618	0.76757770121	313.939279795	721.939279795	0.184946805618		0.0	0.149144254279
349&61		0.2022960186	0.766202153229	314.142882824	723.142882824	0.1991770186		0.0	0.148780487805

Total-Times:410	Loss-Times:61	Recent 10 times loss possiblity: 0.0	Total Hex File Loss number: 8
