Times(S&L)	Runnig-Time	Average-Time	Total-Time	Total-ExeTime	Msg-trans-Time		LP	TLP
0&1		3.07415914536	3.07460808754	3.07460808754	3.07460808754	3.07311914536		0.1	1.0
0&2		5.1090722084	4.09261405468	8.18522810936	9.18522810936	5.1080872084		0.2	1.0
0&3		3.17228317261	3.78633435567	11.359003067	13.359003067	3.17095217261		0.3	1.0
0&4		3.07798218727	3.60962277651	14.438491106	17.438491106	3.07706418727		0.4	1.0
0&5		3.5170071125	3.59140601158	17.9570300579	21.9570300579	3.5147201125		0.5	1.0
0&6		5.00054311752	3.82653367519	22.9592020512	27.9592020512	4.99983011752		0.6	1.0
0&7		3.16363596916	3.7320119994	26.1240839958	32.1240839958	3.16219396916		0.7	1.0
0&8		5.00060486794	3.89077687263	31.1262149811	38.1262149811	4.99985986794		0.8	1.0
0&9		5.00063300133	4.01424156295	36.1281740665	44.1281740665	4.99979900133		0.9	1.0
0&10		3.5038421154	3.96332740784	39.6332740784	48.6332740784	3.5023881154		1.0	1.0
0&11		5.00049996376	4.05774628032	44.6352090836	54.6352090836	4.99982896376		1.0	1.0
0&12		2.33094620705	3.91394950946	46.9673941135	57.9673941135	2.32978520705		1.0	1.0
0&13		3.08392095566	3.85022484339	50.0529229641	62.0529229641	3.08277195566		1.0	1.0
0&14		5.18827199936	3.94591207164	55.2427690029	68.2427690029	5.18731599936		1.0	1.0
0&15		5.00058889389	4.01632639567	60.2448959351	74.2448959351	4.99983589389		1.0	1.0
0&16		4.69412088394	4.05876787007	64.9402859211	79.9402859211	4.69298688394		1.0	1.0
0&17		5.35195803642	4.13492199954	70.2936739922	86.2936739922	5.35081003642		1.0	1.0
0&18		2.07414102554	4.0205143955	72.369259119	89.369259119	2.07308102554		1.0	1.0
0&19		3.07357597351	3.97075137339	75.4442760944	93.4442760944	3.07254197351		1.0	1.0
1&19		0.123436927795	3.77846360207	75.5692720413	94.5692720413	0.118745927795		0.9	0.95
1&20		2.07469105721	3.69739885557	77.645375967	97.645375967	2.07364305721		0.9	0.952380952381
1&21		3.0740468502	3.66913731532	80.721020937	101.721020937	3.0730188502		0.9	0.954545454545
1&22		5.00047206879	3.72708295739	85.72290802	107.72290802	4.99985306879		0.9	0.95652173913
1&23		5.00069212914	3.78020129601	90.7248311043	113.724831104	4.99988012914		0.9	0.958333333333
1&24		2.07472395897	3.71203435898	92.8008589745	116.800858974	2.07365795897		0.9	0.96
1&25		5.00048398972	3.7616528456	97.8029739857	122.802973986	4.99982498972		0.9	0.961538461538
1&26		3.75659584999	3.76151081368	101.560791969	127.560791969	3.75531084999		0.9	0.962962962963
1&27		5.58848500252	3.82682096107	107.15098691	134.15098691	5.58668300252		0.9	0.964285714286
1&28		5.00048089027	3.86734372172	112.15296793	140.15296793	4.99982189027		0.9	0.965517241379
1&29		3.41136908531	3.85218756994	115.565627098	144.565627098	3.40995208531		1.0	0.966666666667
1&30		2.82391810417	3.81906900098	118.39113903	148.39113903	2.82250610417		1.0	0.967741935484
1&31		5.07835698128	3.85846853256	123.470993042	154.470993042	5.07743098128		1.0	0.96875
1&32		5.07539892197	3.89538930402	128.547847033	160.547847033	5.07435892197		1.0	0.969696969697
1&33		3.06565499306	3.87103253252	131.615106106	164.615106106	3.06466499306		1.0	0.970588235294
1&34		3.10405611992	3.84916368893	134.720729113	168.720729113	3.10308211992		1.0	0.971428571429
2&34		0.128596067429	3.74585497379	134.850779057	169.850779057	0.123873067429		0.9	0.944444444444
2&35		2.53264307976	3.71310948681	137.385051012	173.385051012	2.53122707976		0.9	0.945945945946
2&36		5.00047302246	3.74702491886	142.386946917	179.386946917	4.99987402246		0.9	0.947368421053
2&37		2.07467699051	3.70417515437	144.46283102	182.46283102	2.07372299051		0.9	0.948717948718
2&38		2.08171010017	3.66365495324	146.54619813	185.54619813	2.08072610017		0.9	0.95
2&39		3.19928097725	3.65236321891	149.746891975	189.746891975	3.19814997725		0.9	0.951219512195
2&40		3.07230496407	3.63859097731	152.820821047	193.820821047	3.07122496407		0.9	0.952380952381
2&41		3.91305398941	3.64501011649	156.735435009	198.735435009	3.91153998941		0.9	0.953488372093
2&42		5.00050091743	3.67585299774	161.7375319	204.7375319	4.99981591743		0.9	0.954545454545
2&43		5.00060200691	3.70531884299	166.739347935	210.739347935	4.99987400691		0.9	0.955555555556
2&44		5.21096801758	3.73807963081	171.951663017	216.951663017	5.20976401758		1.0	0.95652173913
2&45		5.12507581711	3.7676203606	177.078156948	223.078156948	5.12234681711		1.0	0.957446808511
2&46		5.00051188469	3.7933366249	182.080157995	229.080157995	4.99984188469		1.0	0.958333333333
2&47		5.00051593781	3.81799750912	187.081877947	235.081877947	4.99988193781		1.0	0.959183673469
2&48		2.71232581139	3.79590861797	189.795430899	238.795430899	2.71126681139		1.0	0.96
2&49		5.7095041275	3.83346094337	195.506508112	245.506508112	5.7080881275		1.0	0.960784313725
2&50		5.00045990944	3.85593196062	200.508461952	251.508461952	4.99987390944		1.0	0.961538461538
2&51		2.07516908646	3.82235520741	202.584825993	254.584825993	2.07421108646		1.0	0.962264150943
2&52		5.22021508217	3.84826812921	207.806478977	260.806478977	5.21914808217		1.0	0.962962962963
2&53		3.55308008194	3.84293063771	211.361185074	265.361185074	3.55151908194		1.0	0.963636363636
2&54		5.00043487549	3.86362644604	216.363080978	271.363080978	4.99987087549		1.0	0.964285714286
2&55		5.00053882599	3.88359506925	221.364918947	277.364918947	4.99986982599		1.0	0.964912280702
2&56		5.00079989433	3.90287818991	226.366935015	283.366935015	4.99994589433		1.0	0.965517241379
2&57		5.00082612038	3.92151488288	231.36937809	289.36937809	4.99995812038		1.0	0.966101694915
2&58		5.00063586235	3.9395228823	236.371372938	295.371372938	4.99987486235		1.0	0.966666666667
2&59		3.13825511932	3.92640716521	239.510837078	299.510837078	3.13670111932		1.0	0.967213114754
2&60		1.40910387039	3.88582899878	240.921397924	301.921397924	1.40852187039		1.0	0.967741935484
2&61		2.11892199516	3.8578019672	243.041523933	305.041523933	2.11829399516		1.0	0.968253968254
2&62		2.1189057827	3.83065038919	245.161624908	308.161624908	2.1182317827		1.0	0.96875
2&63		2.11860799789	3.80433066075	247.281492949	311.281492949	2.11803799789		1.0	0.969230769231
2&64		2.1189699173	3.77881293947	249.401654005	314.401654005	2.1183279173		1.0	0.969696969697
2&65		5.00075507164	3.79707117935	254.403769016	320.403769016	4.99981607164		1.0	0.970149253731
2&66		5.8843100071	3.82778516236	260.289391041	327.289391041	5.8829700071		1.0	0.970588235294
2&67		3.07408905029	3.81688552317	263.365101099	331.365101099	3.07321505029		1.0	0.971014492754
2&68		5.00064992905	3.83381878648	268.367315054	337.367315054	4.99987292905		1.0	0.971428571429

Total-Times:70	Loss-Times:68	Recent 10 times loss possiblity: 0.10	Total Hex File Loss number: 3
