Times(S&L)	Runnig-Time	Average-Time	Total-Time	Total-ExeTime	Msg-trans-Time		LP	TLP
1&0		3.82794499397	3.82852697372	3.82852697372	3.82852697372	3.82171299397		0.0	0.0
2&0		0.933238983154	2.38176691532	4.76353383064	5.76353383064	0.928932983154		0.0	0.0
3&0		1.21416401863	1.99300161997	5.97900485992	7.97900485992	1.20840701863		0.0	0.0
3&1		2.20667791367	2.04677945375	8.18711781502	11.187117815	2.20468991367		0.1	0.25
4&1		0.669793844223	1.77166256905	8.85831284523	12.8583128452	0.665710844223		0.1	0.2
4&2		2.68049693108	1.92335414886	11.5401248932	16.5401248932	2.67906193108		0.2	0.333333333333
4&3		3.20556998253	2.10674142838	14.7471899986	20.7471899986	3.20346098253		0.3	0.428571428571
4&4		2.04934096336	2.0997479856	16.7979838848	23.7979838848	2.04816596336		0.4	0.5
4&5		2.19905304909	2.11095931795	18.9986338615	26.9986338615	2.19579704909		0.5	0.555555555556
4&6		2.1965239048	2.11968848705	21.1968848705	30.1968848705	2.1944339048		0.6	0.6
5&6		0.320363044739	1.95625136115	21.5187649727	31.5187649727	0.316692044739		0.6	0.545454545455
5&7		2.70106816292	2.01842991511	24.2211589813	35.2211589813	2.69878716292		0.7	0.583333333333
5&8		2.50021290779	2.05561245405	26.7229619026	38.7229619026	2.49804690779		0.8	0.615384615385
5&9		3.11743402481	2.1315781389	29.8420939445	42.8420939445	3.11627002481		0.8	0.642857142857
6&9		0.801019906998	2.04297925631	30.6446888447	44.6446888447	0.796845906998		0.8	0.6
6&10		2.447961092	2.06837812066	33.0940499306	48.0940499306	2.445412092		0.8	0.625
6&11		2.59861898422	2.09965381903	35.6941149235	51.6941149235	2.59737498422		0.8	0.647058823529
6&12		2.7242000103	2.13443938891	38.4199090004	55.4199090004	2.7219820103		0.8	0.666666666667
7&12		0.850749969482	2.06696004617	39.2722408772	57.2722408772	0.846267969482		0.7	0.631578947368
7&13		2.451212883	2.0862390399	41.724780798	60.724780798	2.449284883		0.7	0.65
8&13		1.40090084076	2.05367160979	43.1271038055	63.1271038055	1.39661684076		0.7	0.619047619048
8&14		2.20028591156	2.06039799343	45.3287558556	66.3287558556	2.19772091156		0.7	0.636363636364
9&14		0.669627904892	1.99999651702	45.9999198914	67.9999198914	0.665323904892		0.6	0.608695652174
9&15		2.72808408737	2.03039403756	48.7294569016	71.7294569016	2.72570108737		0.6	0.625
10&15		1.16889190674	1.9959895134	49.8997378349	73.8997378349	1.16284090674		0.6	0.6
10&16		2.70832920074	2.02344342378	52.6095290184	77.6095290184	2.70637520074		0.6	0.615384615385
10&17		3.10556793213	2.06357610667	55.7165548801	81.7165548801	3.10460193213		0.6	0.62962962963
11&17		1.0199379921	2.02635592222	56.7379658222	83.7379658222	1.0158189921		0.5	0.607142857143
12&17		1.15854597092	1.99647668312	57.8978238106	85.8978238106	1.15303197092		0.5	0.586206896552
12&18		2.44430208206	2.01145216624	60.3435649872	89.3435649872	2.44211208206		0.5	0.6
12&19		2.21015405655	2.01790809631	62.5551509857	92.5551509857	2.20789705655		0.6	0.612903225806
13&19		1.00130391121	1.98615596443	63.5569908619	94.5569908619	0.991409911209		0.5	0.59375
14&19		1.13153195381	1.96031129721	64.6902728081	96.6902728081	1.12361495381		0.5	0.575757575758
14&20		2.20508909225	1.96755646958	66.8969199657	99.8969199657	2.20200509225		0.5	0.588235294118
15&20		2.11609601974	1.97186162812	69.0151569843	103.015156984	2.11177701974		0.5	0.571428571429
16&20		1.30223011971	1.95329825083	70.31873703	105.31873703	1.29796611971		0.4	0.555555555556
16&21		2.201597929	1.96004494461	72.5216629505	108.521662951	2.199650929		0.4	0.567567567568
16&22		2.69699907303	1.97947789493	75.2201600075	112.220160007	2.69515207303		0.5	0.578947368421
16&23		2.10254096985	1.98267127917	77.3241798878	115.324179888	2.10152796985		0.6	0.589743589744
17&23		1.11779403687	1.96108624935	78.4434499741	117.443449974	1.11368103687		0.5	0.575
17&24		3.77284884453	2.00530758137	82.217610836	122.217610836	3.77069684453		0.5	0.585365853659
18&24		1.81292200089	2.00076142379	84.0319797993	125.031979799	1.80736400089		0.5	0.571428571429
18&25		2.61986780167	2.01519206513	86.6532588005	128.653258801	2.61877380167		0.6	0.581395348837
18&26		2.20383095741	2.01951329275	88.8585848808	131.858584881	2.20152395741		0.6	0.590909090909
18&27		2.05076384544	2.02024659581	90.9110968113	134.911096811	2.04982084544		0.7	0.6
19&27		0.617404937744	1.98978812798	91.5302538872	136.530253887	0.613160937744		0.7	0.586956521739
20&27		1.36067605019	1.97643185169	92.8922970295	138.892297029	1.35457005019		0.6	0.574468085106
20&28		2.19596600533	1.9810402294	95.0899310112	142.089931011	2.19390400533		0.6	0.583333333333
21&28		0.645503997803	1.95381940628	95.7371509075	143.737150908	0.641193997803		0.5	0.571428571429
22&28		0.892381906509	1.93261737823	96.6308689117	145.630868912	0.886597906509		0.5	0.56
22&29		2.09842205048	1.93589923429	98.7308609486	148.730860949	2.09719105048		0.5	0.56862745098
22&30		2.65366387367	1.94973068971	101.385995865	152.385995865	2.65232987367		0.6	0.576923076923
22&31		2.60372304916	1.96209756383	103.991170883	155.991170883	2.60258804916		0.6	0.584905660377
23&31		1.0116558075	1.94452495928	105.004347801	158.004347801	1.0071928075		0.5	0.574074074074
24&31		1.59721422195	1.93823380037	106.60285902	160.60285902	1.59237622195		0.4	0.563636363636
24&32		3.46413803101	1.96550582136	110.068325996	165.068325996	3.46202603101		0.5	0.571428571429
25&32		0.622400999069	1.94196989243	110.692283869	166.692283869	0.616933999069		0.5	0.561403508772
26&32		1.1459980011	1.92827091135	111.839712858	168.839712858	1.1420680011		0.4	0.551724137931
26&33		2.60666489601	1.93979140459	114.447692871	172.447692871	2.60542189601		0.5	0.559322033898
27&33		0.852118968964	1.92168759902	115.301255941	174.301255941	0.848076968964		0.5	0.55
27&34		2.46498417854	1.93061581987	117.767565012	177.767565012	2.46312517854		0.5	0.55737704918
28&34		0.845923900604	1.91314489995	118.614983797	179.614983797	0.841968900604		0.4	0.548387096774
28&35		3.20064091682	1.93360299913	121.816988945	183.816988945	3.19856791682		0.4	0.555555555556
28&36		5.05751419067	1.98244060948	126.876199007	189.876199007	5.05647119067		0.5	0.5625
28&37		2.33386516571	1.98787173858	129.211663008	193.211663008	2.33188216571		0.6	0.569230769231
28&38		2.44948911667	1.99488768072	131.662586927	196.662586927	2.44686111667		0.6	0.575757575758
28&39		2.04612803459	1.99567484856	133.710214853	199.710214853	2.04510703459		0.7	0.582089552239
29&39		0.887234210968	1.9793959856	134.598927021	201.598927021	0.883177210968		0.7	0.573529411765
30&39		0.850427865982	1.96305302606	135.450658798	203.450658798	0.845875865982		0.6	0.565217391304
30&40		2.21518087387	1.96667422567	137.667195797	206.667195797	2.21321587387		0.7	0.571428571429
30&41		2.21084713936	1.9701337042	139.879492998	209.879492998	2.20838513936		0.7	0.577464788732
30&42		2.19718813896	1.97330958313	142.078289986	213.078289986	2.19534113896		0.8	0.583333333333
30&43		2.70609807968	1.98336741042	144.785820961	216.785820961	2.70388707968		0.8	0.58904109589
30&44		2.65747904778	1.99249859436	147.444895983	220.444895983	2.65606704778		0.8	0.594594594595
30&45		2.20911598206	1.99540605227	149.65545392	223.65545392	2.20688798206		0.8	0.6
31&45		0.987143039703	1.98216051177	150.644198895	225.644198895	0.981642039703		0.7	0.592105263158
31&46		2.19992113113	1.98500771337	152.845593929	228.845593929	2.19794913113		0.7	0.597402597403
31&47		2.19855284691	1.98776710033	155.045833826	232.045833826	2.19617384691		0.8	0.602564102564
32&47		1.11895108223	1.9767895439	156.166373968	234.166373968	1.11478608223		0.8	0.594936708861
32&48		2.60082387924	1.98460669816	158.768535852	237.768535852	2.59950287924		0.8	0.6
32&49		2.65258789062	1.99287285039	161.422700882	241.422700882	2.65113489062		0.8	0.604938271605
33&49		1.07246017456	1.98166846357	162.496814013	243.496814013	1.06692717456		0.7	0.59756097561
33&50		2.71375703812	1.9905065772	165.212045908	247.212045908	2.71256203812		0.7	0.602409638554
33&51		3.60196304321	2.00970742816	168.815423965	251.815423965	3.60065504321		0.7	0.607142857143
34&51		1.06381416321	1.99859887011	169.880903959	253.880903959	1.05797916321		0.6	0.6
35&51		0.657092094421	1.98301734758	170.539491892	255.539491892	0.652915094421		0.6	0.593023255814
35&52		2.10007095337	1.98437805559	172.640890837	258.640890837	2.09887895337		0.6	0.597701149425
35&53		2.0990729332	1.98570172624	174.741751909	261.741751909	2.0978519332		0.6	0.602272727273
36&53		1.01812386513	1.97484727924	175.761407852	263.761407852	1.01395586513		0.6	0.595505617978
36&54		2.20349597931	1.97740417586	177.966375828	266.966375828	2.20045097931		0.6	0.6
36&55		2.20779705048	1.97995376849	180.175792933	270.175792933	2.20587205048		0.6	0.604395604396
36&56		3.50057697296	1.99649773732	183.677791834	274.677791834	3.49878297296		0.7	0.608695652174
36&57		2.05304980278	1.99712415921	185.732546806	277.732546806	2.05207880278		0.7	0.612903225806
37&57		1.01088500023	1.98664845558	186.744954824	279.744954824	1.00640200023		0.6	0.606382978723
38&57		1.0819029808	1.97713879786	187.828185797	281.828185797	1.0760169808		0.6	0.6
39&57		1.36965107918	1.97082586338	189.199282885	284.199282885	1.36523607918		0.6	0.59375
39&58		2.70724606514	1.97843141163	191.907846928	287.907846928	2.70489006514		0.6	0.59793814433
39&59		2.20006608963	1.9807073778	194.109323025	291.109323025	2.19725408963		0.6	0.602040816327
40&59		0.309783935547	1.96384715071	194.42086792	292.42086792	0.306113935547		0.6	0.59595959596
41&59		1.80553793907	1.9622773385	196.22773385	295.22773385	1.80123493907		0.5	0.59
42&59		1.36263823509	1.95635347555	197.591701031	297.591701031	1.35703923509		0.4	0.584158415842
43&59		0.759260892868	1.94463120489	198.352382898	299.352382898	0.754958892868		0.3	0.578431372549
43&60		3.21048307419	1.95693406781	201.564208984	303.564208984	3.20793507419		0.3	0.582524271845
44&60		0.88812994957	1.94667379673	202.45407486	305.45407486	0.88392394957		0.3	0.576923076923
44&61		2.69940400124	1.95385533287	205.154809952	309.154809952	2.69711000124		0.4	0.580952380952

Total-Times:105	Loss-Times:61	Recent 10 times loss possiblity: 0.4	Total Hex File Loss number: 39
