Times(S&L)	Runnig-Time	Average-Time	Total-Time	Total-ExeTime	Msg-trans-Time		LP	TLP
0&1		3.08646512032	3.08683013916	3.08683013916	3.08683013916	3.08540412032		0.1	1.0
0&2		2.53424906731	2.81126260757	5.62252521515	6.62252521515	2.53315606731		0.2	1.0
0&3		2.09830188751	2.5740796725	7.72223901749	9.72223901749	2.09753488751		0.3	1.0
0&4		2.20211911201	2.48143154383	9.92572617531	12.9257261753	2.20052211201		0.4	1.0
1&4		1.09110093117	2.20364041328	11.0182020664	15.0182020664	1.08764993117		0.4	0.8
2&4		2.28155708313	2.21685536702	13.3011322021	18.3011322021	2.27775608313		0.4	0.666666666667
2&5		3.21491479874	2.35962200165	16.5173540115	22.5173540115	3.21335179874		0.5	0.714285714286
2&6		5.50652384758	2.75316050649	22.0252840519	29.0252840519	5.50553384758		0.6	0.75
2&7		3.49976301193	2.8362710211	25.5264391899	33.5264391899	3.49779401193		0.7	0.777777777778
2&8		3.6272559166	2.91551001072	29.1551001072	38.1551001072	3.6260909166		0.8	0.8
2&9		5.52333712578	3.1527121067	34.6798331738	44.6798331738	5.52235112578		0.8	0.818181818182
3&9		0.886095046997	2.9639420112	35.5673041344	46.5673041344	0.882588046997		0.7	0.75
3&10		2.0472137928	2.89350746228	37.6155970097	49.6155970097	2.0465027928		0.7	0.769230769231
4&10		0.392917871475	2.71499185903	38.0098860264	51.0098860264	0.389642871475		0.6	0.714285714286
4&11		2.50581884384	2.70113320351	40.5169980526	54.5169980526	2.50475184384		0.7	0.733333333333
5&11		2.08443498611	2.66267594695	42.6028151512	57.6028151512	2.08082098611		0.7	0.6875
5&12		3.44217300415	2.70860512116	46.0462870598	62.0462870598	3.44124200415		0.7	0.705882352941
5&13		3.08465600014	2.72957311736	49.1323161125	66.1323161125	3.08355500014		0.7	0.722222222222
5&14		2.09994506836	2.69652484593	51.2339720726	69.2339720726	2.09902306836		0.7	0.736842105263
6&14		1.04284691811	2.61391060352	52.2782120705	71.2782120705	1.03923791811		0.6	0.7
7&14		1.1411550045	2.54384652774	53.4207770824	73.4207770824	1.1363600045		0.5	0.666666666667
7&15		3.54084992409	2.58922822909	56.96302104	77.96302104	3.53981592409		0.6	0.681818181818
7&16		3.67263793945	2.63639352633	60.6370511055	82.6370511055	3.67160293945		0.6	0.695652173913
7&17		2.70059680939	2.63912412524	63.3389790058	86.3389790058	2.69868080939		0.7	0.708333333333
7&18		3.4011619091	2.66966724396	66.7416810989	90.7416810989	3.4001699091		0.7	0.72
7&19		3.53708386421	2.7030821947	70.2801370621	95.2801370621	3.53510086421		0.8	0.730769230769
7&20		2.7041311264	2.70317248945	72.9856572151	98.9856572151	2.7021581264		0.8	0.740740740741
7&21		2.37054109573	2.69134311165	75.3576071262	102.357607126	2.36952609573		0.8	0.75
7&22		3.46040010452	2.71791097213	78.8194181919	106.819418192	3.45942310452		0.8	0.758620689655
7&23		2.69948506355	2.7173440059	81.5203201771	110.520320177	2.69834306355		0.9	0.766666666667
7&24		9.79455685616	2.94568567891	91.3162560463	121.316256046	9.79356885616		1.0	0.774193548387
7&25		3.33873701096	2.95801175386	94.6563761234	125.656376123	3.33697401096		1.0	0.78125
7&26		3.6639418602	2.97944630276	98.3217279911	130.321727991	3.6629548602		1.0	0.787878787879
7&27		3.81805205345	3.00415194736	102.14116621	135.14116621	3.81685405345		1.0	0.794117647059
7&28		2.46620202065	2.98883008957	104.609053135	138.609053135	2.46508402065		1.0	0.8
7&29		2.20007705688	2.96695908573	106.810527086	141.810527086	2.19839405688		1.0	0.805555555556
7&30		5.56783103943	3.03729010917	112.379734039	148.379734039	5.56665703943		1.0	0.810810810811
7&31		3.42511320114	3.04753229493	115.806227207	152.806227207	3.42405920114		1.0	0.815789473684
7&32		2.44056296349	3.03200443586	118.248172998	156.248172998	2.43952996349		1.0	0.820512820513
7&33		3.73038196564	3.04949857593	121.979943037	160.979943037	3.72936996564		1.0	0.825
8&33		3.62302398682	3.06352407758	125.604487181	165.604487181	3.61843398682		0.9	0.80487804878
8&34		2.21531295776	3.04336231095	127.82121706	168.82121706	2.21371895776		0.9	0.809523809524
8&35		2.66036701202	3.03448795718	130.482982159	172.482982159	2.65928001202		0.9	0.813953488372
9&35		1.74949097633	3.00531534173	132.233875036	175.233875036	1.74562497633		0.8	0.795454545455
9&36		2.07008099556	2.98456291093	134.305330992	178.305330992	2.06933399556		0.8	0.8
10&36		0.65046787262	2.93385182775	134.957184076	179.957184076	0.64605987262		0.7	0.782608695652
10&37		9.19725704193	3.067145515	144.155839205	190.155839205	9.19650404193		0.7	0.787234042553
10&38		2.41610693932	3.05361162623	146.573358059	193.573358059	2.41511493932		0.7	0.791666666667
10&39		5.08696484566	3.09513671544	151.661699057	199.661699057	5.08613884566		0.7	0.795918367347
10&40		2.51056003571	3.08347300053	154.173650026	203.173650026	2.50945603571		0.7	0.8
11&40		0.81139588356	3.03895039184	154.986469984	204.986469984	0.80793188356		0.7	0.78431372549
12&40		0.51552605629	2.99045007962	155.50340414	206.50340414	0.51212205629		0.6	0.769230769231
12&41		3.5568420887	3.0011613234	159.06155014	211.06155014	3.5557250887		0.6	0.77358490566
12&42		8.00191998482	3.09379409419	167.064881086	220.064881086	8.00084698482		0.7	0.777777777778
12&43		9.59683609009	3.21205929409	176.663261175	230.663261175	9.59576509009		0.7	0.781818181818
13&43		0.597353935242	3.16539284161	177.26199913	232.26199913	0.594151935242		0.7	0.767857142857
13&44		2.64470815659	3.15628072253	179.908001184	235.908001184	2.64381115659		0.7	0.771929824561
13&45		2.73224520683	3.14899512406	182.641717196	239.641717196	2.73121120683		0.7	0.775862068966
13&46		2.47228193283	3.13754932355	185.115410089	243.115410089	2.47119393283		0.7	0.779661016949
13&47		2.06803584099	3.11974895	187.184937	246.184937	2.06726484099		0.7	0.783333333333
13&48		2.90540909767	3.11625801931	190.091739178	250.091739178	2.90450809767		0.8	0.786885245902
13&49		2.52367711067	3.10672261638	192.616802216	253.616802216	2.52194311067		0.9	0.790322580645
13&50		2.06018209457	3.09013290632	194.678373098	256.678373098	2.05944609457		0.9	0.793650793651
13&51		3.71413397789	3.09990459681	198.393894196	261.393894196	3.71307397789		0.9	0.796875
14&51		0.567039012909	3.0609588623	198.96232605	262.96232605	0.563898012909		0.8	0.784615384615
14&52		2.41361808777	3.05117063811	201.377262115	266.377262115	2.41264708777		0.9	0.787878787879
15&52		1.31200408936	3.02523397332	202.690676212	268.690676212	1.30887208936		0.8	0.776119402985
16&52		0.603689193726	2.98964207663	203.295661211	270.295661211	0.600460193726		0.7	0.764705882353
16&53		2.65278720856	2.98477906075	205.949755192	273.949755192	2.65187820856		0.7	0.768115942029
17&53		0.698162078857	2.95213297435	206.649308205	275.649308205	0.694694078857		0.6	0.757142857143
17&54		2.65852499008	2.94801636817	209.30916214	279.30916214	2.65749399008		0.6	0.760563380282
17&55		2.44535279274	2.94105420841	211.755903006	282.755903006	2.44376279274		0.6	0.763888888889
17&56		2.0441300869	2.92878657824	213.801420212	285.801420212	2.0434760869		0.6	0.767123287671
17&57		3.05921602249	2.93056779939	216.862017155	289.862017155	3.05846402249		0.6	0.77027027027
17&58		3.06061601639	2.93232001623	219.924001217	293.924001217	3.05991701639		0.7	0.773333333333
17&59		2.05508613586	2.92079533088	221.980445147	296.980445147	2.05442513586		0.7	0.776315789474
17&60		3.58474612236	2.92943741749	225.566681147	301.566681147	3.58365712236		0.8	0.779220779221
17&61		2.11177420616	2.91897438734	227.680002213	304.680002213	2.11098320616		0.9	0.782051282051

Total-Times:78	Loss-Times:61	Recent 10 times loss possiblity: 0.9	Total Hex File Loss number: 11
