Times(S&L)	Runnig-Time	Average-Time	Total-Time	Total-ExeTime	Msg-trans-Time		LP	TLP
1&0		0.258334159851	0.258850097656	0.258850097656	0.258850097656	0.254481159851		0.0	0.0
2&0		0.586138963699	0.423221468925	0.846442937851	1.84644293785	0.580555963699		0.0	0.0
3&0		0.219298839569	0.355721314748	1.06716394424	3.06716394424	0.215721839569		0.0	0.0
4&0		0.188327074051	0.314211249352	1.25684499741	4.25684499741	0.183202074051		0.0	0.0
5&0		0.126079082489	0.276871395111	1.38435697556	5.38435697556	0.122824082489		0.0	0.0
6&0		0.128279924393	0.252326488495	1.51395893097	6.51395893097	0.125092924393		0.0	0.0
7&0		0.144606113434	0.237137726375	1.65996408463	7.65996408463	0.141486113434		0.0	0.0
8&0		0.172343969345	0.22920575738	1.83364605904	8.83364605904	0.167013969345		0.0	0.0
9&0		0.174379825592	0.223271661335	2.00944495201	10.009444952	0.170913825592		0.0	0.0
10&0		0.207730054855	0.221851801872	2.21851801872	11.2185180187	0.202170054855		0.0	0.0
11&0		0.221393108368	0.221941644495	2.44135808945	12.4413580894	0.217869108368		0.0	0.0
12&0		0.227696895599	0.222529749076	2.67035698891	13.6703569889	0.224402895599		0.0	0.0
13&0		0.305964946747	0.229052617	2.977684021	14.977684021	0.302308946747		0.0	0.0
14&0		0.242405891418	0.230099712099	3.22139596939	16.2213959694	0.237357891418		0.0	0.0
15&0		0.239477872849	0.230818796158	3.46228194237	17.4622819424	0.236047872849		0.0	0.0
16&0		0.200830936432	0.229026064277	3.66441702843	18.6644170284	0.197466936432		0.0	0.0
17&0		0.124928951263	0.222979054731	3.79064393044	19.7906439304	0.121740951263		0.0	0.0
18&0		0.129951000214	0.217883944511	3.92191100121	20.9219110012	0.126565000214		0.0	0.0
19&0		0.130874156952	0.213373108914	4.05408906937	22.0540890694	0.127551156952		0.0	0.0
20&0		0.130085945129	0.209276247025	4.18552494049	23.1855249405	0.126765945129		0.0	0.0
21&0		0.143384933472	0.206200951622	4.33021998405	24.3302199841	0.138741933472		0.0	0.0
22&0		0.135318040848	0.203042864799	4.46694302559	25.4669430256	0.132092040848		0.0	0.0
23&0		0.14714884758	0.200669216073	4.61539196968	26.6153919697	0.14371584758		0.0	0.0
24&0		0.125598907471	0.197604497274	4.74250793457	27.7425079346	0.122234907471		0.0	0.0
25&0		0.182631969452	0.197058000565	4.92645001411	28.9264500141	0.176992969452		0.0	0.0
26&0		0.128669977188	0.194483692829	5.05657601357	30.0565760136	0.123377977188		0.0	0.0
27&0		0.209471225739	0.195090152599	5.26743412018	31.2674341202	0.206034225739		0.0	0.0
28&0		0.210777997971	0.19569843156	5.47955608368	32.4795560837	0.207288997971		0.0	0.0
29&0		0.177877902985	0.195128514849	5.65872693062	33.6587269306	0.174541902985		0.0	0.0
30&0		0.127068042755	0.192902970314	5.78708910942	34.7870891094	0.123761042755		0.0	0.0
31&0		0.130134105682	0.190919906862	5.91851711273	35.9185171127	0.125113105682		0.0	0.0
32&0		0.150510072708	0.189702220261	6.07047104836	37.0704710484	0.147036072708		0.0	0.0
33&0		0.233026981354	0.191055875836	6.30484390259	38.3048439026	0.229436981354		0.0	0.0
34&0		0.143098831177	0.18968520445	6.44929695129	39.4492969513	0.139724831177		0.0	0.0
35&0		0.140557050705	0.188318743025	6.59115600586	40.5911560059	0.137323050705		0.0	0.0
36&0		0.128736972809	0.186701582538	6.72125697136	41.7212569714	0.123371972809		0.0	0.0
37&0		0.124972105026	0.185071326591	6.84763908386	42.8476390839	0.121844105026		0.0	0.0
38&0		0.128065824509	0.183605049786	6.97699189186	43.9769918919	0.124607824509		0.0	0.0
39&0		0.130426168442	0.182277104793	7.10880708694	45.1088070869	0.125041168442		0.0	0.0
40&0		0.153694152832	0.181599777937	7.26399111748	46.2639911175	0.147996152832		0.0	0.0
41&0		0.19885802269	0.182055514033	7.46427607536	47.4642760754	0.19320802269		0.0	0.0
42&0		0.238338947296	0.183429167384	7.70402503014	48.7040250301	0.234823947296		0.0	0.0
43&0		0.229287147522	0.184526814971	7.93465304375	49.9346530437	0.224063147522		0.0	0.0
44&0		0.236050128937	0.185726138678	8.17195010185	51.1719501019	0.232405128937		0.0	0.0
45&0		0.258813142776	0.187379757563	8.43208909035	52.4320890903	0.255063142776		0.0	0.0
46&0		0.712280988693	0.198819393697	9.14569211006	54.1456921101	0.706778988693		0.0	0.0
47&0		0.139937162399	0.197603875018	9.28738212585	55.2873821259	0.136532162399		0.0	0.0
48&0		0.179183959961	0.19724714756	9.46786308289	56.4678630829	0.175678959961		0.0	0.0
49&0		0.160809993744	0.196530142609	9.62997698784	57.6299769878	0.157426993744		0.0	0.0
50&0		0.215097904205	0.196928319931	9.84641599655	58.8464159966	0.211639904205		0.0	0.0
51&0		0.137382984161	0.195786882849	9.98513102531	59.9851310253	0.131982984161		0.0	0.0
52&0		0.129114866257	0.194531807533	10.1156539917	61.1156539917	0.124018866257		0.0	0.0
53&0		0.127682924271	0.193301151384	10.2449610233	62.2449610233	0.124271924271		0.0	0.0
54&0		0.129051923752	0.192135665152	10.3753259182	63.3753259182	0.125779923752		0.0	0.0
55&0		0.126659870148	0.190969380465	10.5033159256	64.5033159256	0.123554870148		0.0	0.0
56&0		0.126343011856	0.189839180027	10.6309940815	65.6309940815	0.121220011856		0.0	0.0
57&0		0.128798007965	0.188793684307	10.7612400055	66.7612400055	0.123586007965		0.0	0.0
58&0		0.139112949371	0.187961068647	10.9017419815	67.9017419815	0.133855949371		0.0	0.0
59&0		0.124758005142	0.186913967133	11.0279240608	69.0279240608	0.119396005142		0.0	0.0
60&0		0.128619909286	0.185965716839	11.1579430103	70.1579430103	0.125283909286		0.0	0.0
61&0		0.138597011566	0.185211146464	11.2978799343	71.2978799343	0.135167011566		0.0	0.0
62&0		0.145004034042	0.184584098478	11.4442141056	72.4442141056	0.141724034042		0.0	0.0
63&0		0.125106811523	0.183661093788	11.5706489086	73.5706489086	0.121562811523		0.0	0.0
64&0		0.119349956512	0.182666875422	11.690680027	74.690680027	0.116229956512		0.0	0.0
65&0		0.120829820633	0.181735937412	11.8128359318	75.8128359318	0.117695820633		0.0	0.0
66&0		0.127543926239	0.180935256409	11.941726923	76.941726923	0.122309926239		0.0	0.0
67&0		0.131880998611	0.180224479134	12.075040102	78.075040102	0.126590998611		0.0	0.0
68&0		0.133407115936	0.179556913236	12.2098701	79.2098701	0.130108115936		0.0	0.0
69&0		0.171842098236	0.179464913797	12.383079052	80.383079052	0.168297098236		0.0	0.0
70&0		0.239921808243	0.180347827503	12.6243479252	81.6243479252	0.236456808243		0.0	0.0
71&0		0.222788095474	0.180964859439	12.8485050201	82.8485050201	0.219152095474		0.0	0.0
72&0		0.203122138977	0.181291000711	13.0529520512	84.0529520512	0.199606138977		0.0	0.0
73&0		0.153335094452	0.180926411119	13.2076280117	85.2076280117	0.148013094452		0.0	0.0
74&0		0.17955994606	0.180927189621	13.3886120319	86.3886120319	0.17482294606		0.0	0.0
75&0		0.217675924301	0.181436227163	13.6077170372	87.6077170372	0.214210924301		0.0	0.0
76&0		0.242475032806	0.182256896245	13.8515241146	88.8515241146	0.237111032806		0.0	0.0
77&0		0.22546505928	0.182837597736	14.0784950256	90.0784950256	0.22196005928		0.0	0.0
78&0		0.22207403183	0.183357321299	14.3018710613	91.3018710613	0.21674103183		0.0	0.0
79&0		0.224500894547	0.183896176423	14.5277979374	92.5277979374	0.221092894547		0.0	0.0
80&0		0.55180311203	0.18850261271	15.0802090168	94.0802090168	0.54739911203		0.0	0.0
81&0		0.207875967026	0.188758173107	15.2894120216	95.2894120216	0.204299967026		0.0	0.0
82&0		0.146852016449	0.188263390122	15.43759799	96.43759799	0.143711016449		0.0	0.0
83&0		0.137897968292	0.187672566219	15.5768229961	97.5768229961	0.134649968292		0.0	0.0
84&0		0.197385072708	0.187804417951	15.7755711079	98.7755711079	0.192042072708		0.0	0.0
85&0		0.161499023438	0.187513199975	15.9386219978	99.9386219978	0.156397023438		0.0	0.0
86&0		0.140441894531	0.186983069708	16.0805439949	101.080543995	0.137057894531		0.0	0.0
87&0		0.135035037994	0.186401115067	16.2168970108	102.216897011	0.131759037994		0.0	0.0
88&0		0.15266418457	0.186032739553	16.3708810806	103.370881081	0.14740118457		0.0	0.0
89&0		0.127584934235	0.185392157415	16.49990201	104.49990201	0.124210934235		0.0	0.0
90&0		0.164292097092	0.18517217901	16.6654961109	105.665496111	0.161007097092		0.0	0.0
91&0		0.184980154037	0.185174803157	16.8509070873	106.850907087	0.181161154037		0.0	0.0

Total-Times:91	Loss-Times:0	Recent 10 times loss possiblity: 0.0	Total Hex File Loss number: 0
